# ells, tt, ee, bb, te
1.015000000000000000e+02 9.880555859448945739e+02 -4.038483607943098797e+00 3.528004866775846793e+00 1.761905578279259288e+01
3.015000000000000000e+02 3.969838061132876646e+03 1.280179774933244019e+01 1.145409278540380660e+00 -2.880956430190401818e+00
5.015000000000000000e+02 2.336935594410295835e+03 1.685096855387709880e+01 4.308202262443674435e-01 2.664675674673559058e+01
7.015000000000000000e+02 9.963281142697528594e+02 3.529880087108620046e+01 3.229053073690271169e-01 -4.941262861651748040e+01
9.015000000000000000e+02 1.529999967738218174e+03 1.236007863382398497e+01 4.157717393076323376e-01 5.878123145027805663e+01
1.101500000000000000e+03 1.078023386981395333e+03 2.420024111714496939e+01 7.105893152627609233e-01 -6.438335545761757928e+00
1.301500000000000000e+03 5.302225831688103881e+02 2.596025430287726365e+01 3.729630885523733674e-01 -2.638754355353596281e+01
1.501500000000000000e+03 4.262919334198116985e+02 1.346741889849376861e+01 6.676939942356185931e-02 2.540572271575057606e+00
1.701500000000000000e+03 3.132829580425769791e+02 9.752100336111196199e+00 1.675437206065055751e-02 -1.289003050050536281e+00
1.901500000000000000e+03 3.204243530393868582e+02 9.221132109424221568e+00 1.121418621648790914e-01 -1.488842441228999647e+01
2.101500000000000000e+03 2.133963739836667628e+02 4.790668146549837303e+00 1.150489442993124500e-02 -1.179609509166247960e+01
2.301500000000000000e+03 1.124095885072768226e+02 4.964628155981220203e+00 -2.811862618784063961e-02 -6.149607462356886600e+00
2.501500000000000000e+03 5.713933222265978884e+01 1.923948131434923603e+00 4.856009904079533479e-02 1.818549108789342394e+00
2.701500000000000000e+03 6.694157509613349077e+01 2.541560971299586136e+00 7.631414005562789371e-03 -6.410012052938757421e+00
2.901500000000000000e+03 3.513096597207945138e+01 5.730644938145628142e-01 9.712777316390128202e-03 -3.961902391210334606e-01
3.101500000000000000e+03 1.959757581139746208e+01 9.331049931283132981e-01 1.560037827163133356e-02 -2.446796392544205556e+00
3.301500000000000000e+03 1.320730736168463793e+01 6.009527241922748564e-01 1.104966735712563375e-02 -4.573389560326072134e-01
3.501500000000000000e+03 8.450961450273634767e+00 2.980083932682294767e-01 6.992023474519399456e-03 -8.721286114952686574e-02
3.701500000000000000e+03 6.270528590115469925e+00 1.620126950572308155e-01 5.389808739224300968e-03 -4.142976391057063834e-01
3.901500000000000000e+03 3.457984668604716205e+00 1.486794058298822607e-01 5.936310151959804313e-03 -2.108030034722521151e-01
4.101500000000000000e+03 3.162246769814598402e+00 7.535160140960675546e-02 5.539584142667712888e-03 -1.232106427841555552e-01
4.301500000000000000e+03 1.310300644767906419e+00 5.020295944217628703e-02 5.514738746957328387e-03 -5.472423230746345513e-02
4.501500000000000000e+03 1.666790540105314911e+00 4.560789884944785322e-02 5.749670906833747978e-03 5.182334141705789710e-03
4.701500000000000000e+03 8.994402610390062058e-01 2.112242561026311111e-02 4.798613505809307817e-03 7.640970207228682531e-03
4.901500000000000000e+03 5.224289760992586462e-01 1.810789011302737367e-02 4.236134019056933889e-03 -2.034395334854769907e-02
5.101500000000000000e+03 7.680499595516335765e-01 1.014702449557161601e-02 3.062595036693780380e-03 -1.922937665885659717e-02
5.301500000000000000e+03 5.327498796688842075e-01 1.266382379543399064e-02 3.721689055430464285e-03 -3.613399487894434700e-03
5.501500000000000000e+03 3.715512129488589554e-01 9.230376633014299170e-03 4.145359335122045068e-03 -6.028838772466287022e-03
5.701500000000000000e+03 3.655073393287032180e-01 6.565838945253432007e-03 3.105337778742741847e-03 -6.725911455581112114e-03
5.901500000000000000e+03 4.011294104296723173e-01 4.951323910605162117e-03 3.898789845674196196e-03 -9.915928682258648083e-03
6.101500000000000000e+03 3.774561634291441203e-01 5.197049243488712292e-03 2.083155410519755505e-03 -3.432100249445194963e-03
6.301500000000000000e+03 2.335370999214211318e-01 4.134968720654505839e-03 3.454448505931422778e-03 2.770709801181650642e-03
6.501500000000000000e+03 2.938090941203502782e-01 3.859317293956223641e-03 2.414395307591779040e-03 -1.325093310173641389e-03
6.701500000000000000e+03 2.805581597108564029e-01 4.526741717163046755e-03 2.327948771037749963e-03 -9.692156151672867356e-03
6.901500000000000000e+03 2.564070914793598610e-01 3.363367049946457913e-03 2.721213571674278332e-03 2.248994390583548830e-03
7.101500000000000000e+03 2.461368984294747264e-01 2.976752794113493323e-03 2.866430205789871795e-03 8.365042167134400120e-04
7.301500000000000000e+03 2.313418169825190995e-01 2.654306528874774643e-03 2.408204198281407079e-03 -8.451108968373200565e-04
7.501500000000000000e+03 2.355558955305203650e-01 2.518542246195525254e-03 1.843308556480578947e-03 -4.298714350987238326e-04
7.701500000000000000e+03 1.943506059008439646e-01 2.901725576262367649e-03 1.937736479623241312e-03 -2.633647295799069511e-03
7.901500000000000000e+03 2.208650022450591721e-01 2.694862910913158396e-03 1.805791530904868412e-03 -5.942459092142977906e-04
8.101500000000000000e+03 1.800409517398838810e-01 2.519959613654060727e-03 1.834102549039758317e-03 -7.936739680321795373e-04
8.301500000000000000e+03 1.893698472466366911e-01 2.260797568653545413e-03 2.407362280166800046e-03 -2.149014342987508493e-03
8.501500000000000000e+03 2.098292947804563102e-01 2.235994111684872117e-03 1.752355794245250443e-03 5.636213895439035797e-04
8.701500000000000000e+03 1.689319717245167385e-01 1.823920370084661409e-03 1.779866664461659479e-03 3.150683590088889686e-04
8.901500000000000000e+03 1.848711928190914511e-01 2.076005511709992212e-03 1.650315272927091372e-03 3.024231192820634080e-04
9.101500000000000000e+03 1.814862160293994053e-01 1.920770991702740790e-03 1.973978351509815543e-03 1.502586680792151151e-03
9.301500000000000000e+03 1.580099217794871391e-01 2.169370590091430906e-03 1.403350706202604031e-03 -2.881094958042133749e-03
9.501500000000000000e+03 1.601373347414579429e-01 1.752620129742262379e-03 1.596279390574892234e-03 5.779097282380457525e-04
9.701500000000000000e+03 1.840296744613003077e-01 1.656009657271377035e-03 1.399535122278779044e-03 -2.974882737690900860e-03
9.901500000000000000e+03 1.307290157604670544e-01 1.514634255716208137e-03 1.340435443537368355e-03 6.694056081066983299e-04
1.010150000000000000e+04 1.425340930800053640e-01 2.314505285897443428e-03 1.311351277991689660e-03 -2.808122481657934376e-04
1.030150000000000000e+04 1.066184214065725167e-01 1.465964694400515977e-03 1.340879988330170424e-03 2.755045267032675180e-04
1.050150000000000000e+04 1.337284122850074530e-01 1.766109717539685736e-03 1.374831410648892464e-03 -1.780869843680688057e-03
1.070150000000000000e+04 1.173550753244621270e-01 1.452617595086628426e-03 1.130653901632332941e-03 -5.916095214479506759e-04
1.090150000000000000e+04 1.548227138782198586e-01 1.447900090040697349e-03 1.276083289305799924e-03 -1.587743254807362026e-03
1.110150000000000000e+04 1.290440821896644830e-01 1.505424919184838268e-03 1.380260046644312018e-03 -5.502768688425887372e-04
1.130150000000000000e+04 1.230308965901742435e-01 1.216144396256021217e-03 9.817328889340146397e-04 -6.333838632779998160e-04
1.150150000000000000e+04 1.175905593807608784e-01 1.417604412431315488e-03 1.249134357140406710e-03 -1.057436378245488239e-03
1.170150000000000000e+04 1.081341950614679581e-01 1.164181679903003065e-03 1.037782556163878087e-03 -5.815689466686941450e-05
1.190150000000000000e+04 1.009453551920631853e-01 1.364916188245595633e-03 1.073900193608234074e-03 6.540040528716875188e-05
1.210150000000000000e+04 1.290509508376050662e-01 1.396987724483303786e-03 1.052313952354602331e-03 -1.338214610456037830e-03
1.230150000000000000e+04 1.169978626033909563e-01 1.170317913920419090e-03 1.220617538154889371e-03 -3.941534757383111098e-04
1.250150000000000000e+04 9.999833801204946471e-02 1.160333033486235206e-03 1.137518811939193086e-03 -4.061894142191977298e-04
1.270150000000000000e+04 9.852819037133293822e-02 1.152624527547135846e-03 1.141380766399449111e-03 6.226960443165345483e-04
1.290150000000000000e+04 9.490542252664938006e-02 1.130018096195626546e-03 1.052641494366248452e-03 -9.210298014975279272e-04
1.310150000000000000e+04 9.698837411424937605e-02 1.249503773504037196e-03 1.075136475076442352e-03 -8.507978188153939936e-04
1.330150000000000000e+04 9.908932221325023049e-02 1.061820602321121359e-03 9.318531837026039748e-04 -2.394384519619361263e-03
1.350150000000000000e+04 8.686360263082941457e-02 1.120211990816190025e-03 8.514003443497390310e-04 -9.903029013276682963e-05
1.370150000000000000e+04 9.065064284085738722e-02 8.723129505205248985e-04 8.560134773203040282e-04 4.016117197275661339e-04
1.390150000000000000e+04 9.438789262242669453e-02 9.719433748708143639e-04 8.933614925184925294e-04 -9.341925521905560057e-04
1.410150000000000000e+04 7.968854660790022915e-02 9.353432505789965098e-04 8.656582181431880275e-04 -1.247582573690863596e-03
1.430150000000000000e+04 7.681391692470364296e-02 1.067430100938661797e-03 8.413024613553644372e-04 -5.374340198509199983e-04
1.450150000000000000e+04 9.026984009656077723e-02 9.087178691519259615e-04 8.231422623972543297e-04 -1.166025013037800661e-03
1.470150000000000000e+04 7.341949394363850301e-02 1.115799869046898464e-03 7.446984516998993988e-04 -1.014938782943814333e-03
1.490150000000000000e+04 8.180624979650885642e-02 7.503444569323871206e-04 9.064652451253671231e-04 -2.454455148241392170e-04
1.510150000000000000e+04 7.233393219710955446e-02 7.849723047556179771e-04 6.803702861439557721e-04 -7.452122900063875904e-04
1.530150000000000000e+04 8.302356307202132801e-02 8.263387418512208905e-04 8.965265759622587094e-04 -1.121899169014364556e-03
1.550150000000000000e+04 8.007578155965613953e-02 6.997639979751064726e-04 8.152975617177612641e-04 -4.421354441483556479e-04
1.570150000000000000e+04 8.727245976741401789e-02 7.142276494956308931e-04 6.471604768599479359e-04 -5.889187508573100454e-04
1.590150000000000000e+04 7.328957431709923198e-02 7.575734638777943501e-04 7.271603242149852868e-04 -4.398314137323192487e-04
1.610150000000000000e+04 6.375097982613459058e-02 7.135035139568253297e-04 6.720216949895336644e-04 -2.801972830560654987e-04
1.630150000000000000e+04 7.586046120010342397e-02 7.935138262978717362e-04 6.442056966833225934e-04 -6.298545555096935877e-04
1.650150000000000000e+04 6.401750557744846637e-02 7.092612852541970922e-04 6.642696679250429575e-04 -7.282037727402365657e-04
1.670150000000000000e+04 6.092179011906309616e-02 8.293809585613322018e-04 6.946021357856679759e-04 3.176856031914833661e-04
1.690150000000000000e+04 6.494687369128346321e-02 6.750408395658391743e-04 6.645844246356112520e-04 -9.676593861404275210e-04
1.710150000000000000e+04 5.719265518874671467e-02 6.621935774438091797e-04 6.684248470125587604e-04 3.472817438618767288e-04
1.730150000000000000e+04 6.366182764226700763e-02 6.398125413194762426e-04 5.557685107311616766e-04 -7.192016102256820927e-04
1.750150000000000000e+04 5.536386007024912681e-02 6.934136578488967048e-04 7.488704131057514340e-04 -1.552473121605773480e-04
1.770150000000000000e+04 6.101846021275479648e-02 6.891448124002321970e-04 5.889801320615737149e-04 -4.032311606228238410e-06
1.790150000000000000e+04 5.608755420609045500e-02 6.340567388175147919e-04 6.616944039066255910e-04 -6.136201892269184735e-04
1.810150000000000000e+04 6.605435760646492793e-02 6.795639263650443511e-04 5.789332374850496461e-04 -3.266145048546985471e-04
1.830150000000000000e+04 5.301078336318279516e-02 5.870543954410287115e-04 7.016072212397314297e-04 -3.040259651456464311e-04
1.850150000000000000e+04 6.450296747909367578e-02 6.926631469772177689e-04 5.519868061595219200e-04 -5.522278268980246319e-04
1.870150000000000000e+04 5.469892643416203459e-02 6.160940497653235627e-04 5.577604326505215555e-04 -6.211053409740839798e-04
1.890150000000000000e+04 5.744375886271255172e-02 5.751590659278225546e-04 5.937522432961083200e-04 -4.388701370989720450e-04
1.910150000000000000e+04 5.593018674091888853e-02 5.657617349023281398e-04 6.251342709011916245e-04 -2.231289943915194937e-04
1.930150000000000000e+04 4.189040461953259104e-02 5.895407099661749851e-04 5.386199040355113283e-04 -4.448171097334252750e-04
1.950150000000000000e+04 5.364670659755579191e-02 5.732015780829541893e-04 4.953699973706043522e-04 -3.359855520358504249e-04
1.970150000000000000e+04 4.302350362858902572e-02 5.155004686157293450e-04 5.337070437969539290e-04 3.246227738066452756e-05
1.990150000000000000e+04 5.152499360428372532e-02 5.493196280297116133e-04 5.411379576980391648e-04 -4.888547222517012009e-04
2.010150000000000000e+04 4.976944265124101652e-02 5.333113265893973075e-04 4.805579696488580061e-04 -2.589571538842776969e-04
2.030150000000000000e+04 4.467236683230732530e-02 5.633376516872343589e-04 4.895924883488274792e-04 -4.211047819076366725e-04
2.050150000000000000e+04 4.484840526204549038e-02 4.296655085350468365e-04 5.412596633159912074e-04 -3.412524373452346309e-04
2.070150000000000000e+04 7.004466189987899882e-02 6.606813684027372296e-04 5.832396733822526724e-04 -5.938862921466693361e-04
