2.000000000000000000e+00
2.010000000000000000e+02
4.010000000000000000e+02
6.010000000000000000e+02
8.010000000000000000e+02
1.001000000000000000e+03
1.201000000000000000e+03
1.401000000000000000e+03
1.601000000000000000e+03
1.801000000000000000e+03
2.001000000000000000e+03
2.201000000000000000e+03
2.401000000000000000e+03
2.601000000000000000e+03
2.801000000000000000e+03
3.001000000000000000e+03
3.201000000000000000e+03
3.401000000000000000e+03
3.601000000000000000e+03
3.801000000000000000e+03
4.001000000000000000e+03
4.201000000000000000e+03
4.401000000000000000e+03
4.601000000000000000e+03
4.801000000000000000e+03
5.001000000000000000e+03
5.201000000000000000e+03
5.401000000000000000e+03
5.601000000000000000e+03
5.801000000000000000e+03
6.001000000000000000e+03
6.201000000000000000e+03
6.401000000000000000e+03
6.601000000000000000e+03
6.801000000000000000e+03
7.001000000000000000e+03
7.201000000000000000e+03
7.401000000000000000e+03
7.601000000000000000e+03
7.801000000000000000e+03
8.001000000000000000e+03
8.201000000000000000e+03
8.401000000000000000e+03
8.601000000000000000e+03
8.801000000000000000e+03
9.001000000000000000e+03
9.201000000000000000e+03
9.401000000000000000e+03
9.601000000000000000e+03
9.801000000000000000e+03
1.000100000000000000e+04
1.020100000000000000e+04
1.040100000000000000e+04
1.060100000000000000e+04
1.080100000000000000e+04
1.100100000000000000e+04
1.120100000000000000e+04
1.140100000000000000e+04
1.160100000000000000e+04
1.180100000000000000e+04
1.200100000000000000e+04
1.220100000000000000e+04
1.240100000000000000e+04
1.260100000000000000e+04
1.280100000000000000e+04
1.300100000000000000e+04
1.320100000000000000e+04
1.340100000000000000e+04
1.360100000000000000e+04
1.380100000000000000e+04
1.400100000000000000e+04
1.420100000000000000e+04
1.440100000000000000e+04
1.460100000000000000e+04
1.480100000000000000e+04
1.500100000000000000e+04
1.520100000000000000e+04
1.540100000000000000e+04
1.560100000000000000e+04
1.580100000000000000e+04
1.600100000000000000e+04
1.620100000000000000e+04
1.640100000000000000e+04
1.660100000000000000e+04
1.680100000000000000e+04
1.700100000000000000e+04
1.720100000000000000e+04
1.740100000000000000e+04
1.760100000000000000e+04
1.780100000000000000e+04
1.800100000000000000e+04
1.820100000000000000e+04
1.840100000000000000e+04
1.860100000000000000e+04
1.880100000000000000e+04
1.900100000000000000e+04
1.920100000000000000e+04
1.940100000000000000e+04
1.960100000000000000e+04
1.980100000000000000e+04
2.000100000000000000e+04
2.020100000000000000e+04
2.040100000000000000e+04
2.060100000000000000e+04
2.080100000000000000e+04
2.100100000000000000e+04
2.120100000000000000e+04
2.140100000000000000e+04
2.160100000000000000e+04
2.180100000000000000e+04
2.200100000000000000e+04
2.220100000000000000e+04
2.240100000000000000e+04
2.260100000000000000e+04
2.280100000000000000e+04
2.300100000000000000e+04
2.320100000000000000e+04
2.340100000000000000e+04
2.360100000000000000e+04
2.380100000000000000e+04
2.400100000000000000e+04
2.420100000000000000e+04
2.440100000000000000e+04
2.460100000000000000e+04
2.480100000000000000e+04
2.500100000000000000e+04
2.520100000000000000e+04
2.540100000000000000e+04
2.560100000000000000e+04
2.580100000000000000e+04
2.600100000000000000e+04
2.620100000000000000e+04
2.640100000000000000e+04
2.660100000000000000e+04
2.680100000000000000e+04
2.700100000000000000e+04
2.720100000000000000e+04
2.740100000000000000e+04
2.760100000000000000e+04
2.780100000000000000e+04
2.800100000000000000e+04
2.820100000000000000e+04
2.840100000000000000e+04
2.860100000000000000e+04
2.880100000000000000e+04
2.900100000000000000e+04
2.920100000000000000e+04
2.940100000000000000e+04
2.960100000000000000e+04
2.980100000000000000e+04
3.000100000000000000e+04
3.020100000000000000e+04
3.040100000000000000e+04
3.060100000000000000e+04
3.080100000000000000e+04
3.100100000000000000e+04
3.120100000000000000e+04
3.140100000000000000e+04
3.160100000000000000e+04
3.180100000000000000e+04
3.200100000000000000e+04
3.220100000000000000e+04
3.240100000000000000e+04
3.260100000000000000e+04
3.280100000000000000e+04
3.300100000000000000e+04
3.320100000000000000e+04
3.340100000000000000e+04
3.360100000000000000e+04
3.380100000000000000e+04
3.400100000000000000e+04
3.420100000000000000e+04
3.440100000000000000e+04
3.460100000000000000e+04
3.480100000000000000e+04
3.500100000000000000e+04
3.520100000000000000e+04
3.540100000000000000e+04
3.560100000000000000e+04
3.580100000000000000e+04
3.600100000000000000e+04
3.620100000000000000e+04
3.640100000000000000e+04
3.660100000000000000e+04
3.680100000000000000e+04
3.700100000000000000e+04
3.720100000000000000e+04
3.740100000000000000e+04
3.760100000000000000e+04
3.780100000000000000e+04
3.800100000000000000e+04
3.820100000000000000e+04
3.840100000000000000e+04
3.860100000000000000e+04
3.880100000000000000e+04
3.900100000000000000e+04
3.920100000000000000e+04
3.940100000000000000e+04
3.960100000000000000e+04
3.980100000000000000e+04
