2.000000000000000000e+00 2.010000000000000000e+02 1.015000000000000000e+02
2.020000000000000000e+02 4.010000000000000000e+02 3.015000000000000000e+02
4.020000000000000000e+02 6.010000000000000000e+02 5.015000000000000000e+02
6.020000000000000000e+02 8.010000000000000000e+02 7.015000000000000000e+02
8.020000000000000000e+02 1.001000000000000000e+03 9.015000000000000000e+02
1.002000000000000000e+03 1.201000000000000000e+03 1.101500000000000000e+03
1.202000000000000000e+03 1.401000000000000000e+03 1.301500000000000000e+03
1.402000000000000000e+03 1.601000000000000000e+03 1.501500000000000000e+03
1.602000000000000000e+03 1.801000000000000000e+03 1.701500000000000000e+03
1.802000000000000000e+03 2.001000000000000000e+03 1.901500000000000000e+03
2.002000000000000000e+03 2.201000000000000000e+03 2.101500000000000000e+03
2.202000000000000000e+03 2.401000000000000000e+03 2.301500000000000000e+03
2.402000000000000000e+03 2.601000000000000000e+03 2.501500000000000000e+03
2.602000000000000000e+03 2.801000000000000000e+03 2.701500000000000000e+03
2.802000000000000000e+03 3.001000000000000000e+03 2.901500000000000000e+03
3.002000000000000000e+03 3.201000000000000000e+03 3.101500000000000000e+03
3.202000000000000000e+03 3.401000000000000000e+03 3.301500000000000000e+03
3.402000000000000000e+03 3.601000000000000000e+03 3.501500000000000000e+03
3.602000000000000000e+03 3.801000000000000000e+03 3.701500000000000000e+03
3.802000000000000000e+03 4.001000000000000000e+03 3.901500000000000000e+03
4.002000000000000000e+03 4.201000000000000000e+03 4.101500000000000000e+03
4.202000000000000000e+03 4.401000000000000000e+03 4.301500000000000000e+03
4.402000000000000000e+03 4.601000000000000000e+03 4.501500000000000000e+03
4.602000000000000000e+03 4.801000000000000000e+03 4.701500000000000000e+03
4.802000000000000000e+03 5.001000000000000000e+03 4.901500000000000000e+03
5.002000000000000000e+03 5.201000000000000000e+03 5.101500000000000000e+03
5.202000000000000000e+03 5.401000000000000000e+03 5.301500000000000000e+03
5.402000000000000000e+03 5.601000000000000000e+03 5.501500000000000000e+03
5.602000000000000000e+03 5.801000000000000000e+03 5.701500000000000000e+03
5.802000000000000000e+03 6.001000000000000000e+03 5.901500000000000000e+03
6.002000000000000000e+03 6.201000000000000000e+03 6.101500000000000000e+03
6.202000000000000000e+03 6.401000000000000000e+03 6.301500000000000000e+03
6.402000000000000000e+03 6.601000000000000000e+03 6.501500000000000000e+03
6.602000000000000000e+03 6.801000000000000000e+03 6.701500000000000000e+03
6.802000000000000000e+03 7.001000000000000000e+03 6.901500000000000000e+03
7.002000000000000000e+03 7.201000000000000000e+03 7.101500000000000000e+03
7.202000000000000000e+03 7.401000000000000000e+03 7.301500000000000000e+03
7.402000000000000000e+03 7.601000000000000000e+03 7.501500000000000000e+03
7.602000000000000000e+03 7.801000000000000000e+03 7.701500000000000000e+03
7.802000000000000000e+03 8.001000000000000000e+03 7.901500000000000000e+03
8.002000000000000000e+03 8.201000000000000000e+03 8.101500000000000000e+03
8.202000000000000000e+03 8.401000000000000000e+03 8.301500000000000000e+03
8.402000000000000000e+03 8.601000000000000000e+03 8.501500000000000000e+03
8.602000000000000000e+03 8.801000000000000000e+03 8.701500000000000000e+03
8.802000000000000000e+03 9.001000000000000000e+03 8.901500000000000000e+03
9.002000000000000000e+03 9.201000000000000000e+03 9.101500000000000000e+03
9.202000000000000000e+03 9.401000000000000000e+03 9.301500000000000000e+03
9.402000000000000000e+03 9.601000000000000000e+03 9.501500000000000000e+03
9.602000000000000000e+03 9.801000000000000000e+03 9.701500000000000000e+03
9.802000000000000000e+03 1.000100000000000000e+04 9.901500000000000000e+03
1.000200000000000000e+04 1.020100000000000000e+04 1.010150000000000000e+04
1.020200000000000000e+04 1.040100000000000000e+04 1.030150000000000000e+04
1.040200000000000000e+04 1.060100000000000000e+04 1.050150000000000000e+04
1.060200000000000000e+04 1.080100000000000000e+04 1.070150000000000000e+04
1.080200000000000000e+04 1.100100000000000000e+04 1.090150000000000000e+04
1.100200000000000000e+04 1.120100000000000000e+04 1.110150000000000000e+04
1.120200000000000000e+04 1.140100000000000000e+04 1.130150000000000000e+04
1.140200000000000000e+04 1.160100000000000000e+04 1.150150000000000000e+04
1.160200000000000000e+04 1.180100000000000000e+04 1.170150000000000000e+04
1.180200000000000000e+04 1.200100000000000000e+04 1.190150000000000000e+04
1.200200000000000000e+04 1.220100000000000000e+04 1.210150000000000000e+04
1.220200000000000000e+04 1.240100000000000000e+04 1.230150000000000000e+04
1.240200000000000000e+04 1.260100000000000000e+04 1.250150000000000000e+04
1.260200000000000000e+04 1.280100000000000000e+04 1.270150000000000000e+04
1.280200000000000000e+04 1.300100000000000000e+04 1.290150000000000000e+04
1.300200000000000000e+04 1.320100000000000000e+04 1.310150000000000000e+04
1.320200000000000000e+04 1.340100000000000000e+04 1.330150000000000000e+04
1.340200000000000000e+04 1.360100000000000000e+04 1.350150000000000000e+04
1.360200000000000000e+04 1.380100000000000000e+04 1.370150000000000000e+04
1.380200000000000000e+04 1.400100000000000000e+04 1.390150000000000000e+04
1.400200000000000000e+04 1.420100000000000000e+04 1.410150000000000000e+04
1.420200000000000000e+04 1.440100000000000000e+04 1.430150000000000000e+04
1.440200000000000000e+04 1.460100000000000000e+04 1.450150000000000000e+04
1.460200000000000000e+04 1.480100000000000000e+04 1.470150000000000000e+04
1.480200000000000000e+04 1.500100000000000000e+04 1.490150000000000000e+04
1.500200000000000000e+04 1.520100000000000000e+04 1.510150000000000000e+04
1.520200000000000000e+04 1.540100000000000000e+04 1.530150000000000000e+04
1.540200000000000000e+04 1.560100000000000000e+04 1.550150000000000000e+04
1.560200000000000000e+04 1.580100000000000000e+04 1.570150000000000000e+04
1.580200000000000000e+04 1.600100000000000000e+04 1.590150000000000000e+04
1.600200000000000000e+04 1.620100000000000000e+04 1.610150000000000000e+04
1.620200000000000000e+04 1.640100000000000000e+04 1.630150000000000000e+04
1.640200000000000000e+04 1.660100000000000000e+04 1.650150000000000000e+04
1.660200000000000000e+04 1.680100000000000000e+04 1.670150000000000000e+04
1.680200000000000000e+04 1.700100000000000000e+04 1.690150000000000000e+04
1.700200000000000000e+04 1.720100000000000000e+04 1.710150000000000000e+04
1.720200000000000000e+04 1.740100000000000000e+04 1.730150000000000000e+04
1.740200000000000000e+04 1.760100000000000000e+04 1.750150000000000000e+04
1.760200000000000000e+04 1.780100000000000000e+04 1.770150000000000000e+04
1.780200000000000000e+04 1.800100000000000000e+04 1.790150000000000000e+04
1.800200000000000000e+04 1.820100000000000000e+04 1.810150000000000000e+04
1.820200000000000000e+04 1.840100000000000000e+04 1.830150000000000000e+04
1.840200000000000000e+04 1.860100000000000000e+04 1.850150000000000000e+04
1.860200000000000000e+04 1.880100000000000000e+04 1.870150000000000000e+04
1.880200000000000000e+04 1.900100000000000000e+04 1.890150000000000000e+04
1.900200000000000000e+04 1.920100000000000000e+04 1.910150000000000000e+04
1.920200000000000000e+04 1.940100000000000000e+04 1.930150000000000000e+04
1.940200000000000000e+04 1.960100000000000000e+04 1.950150000000000000e+04
1.960200000000000000e+04 1.980100000000000000e+04 1.970150000000000000e+04
1.980200000000000000e+04 2.000100000000000000e+04 1.990150000000000000e+04
2.000200000000000000e+04 2.020100000000000000e+04 2.010150000000000000e+04
2.020200000000000000e+04 2.040100000000000000e+04 2.030150000000000000e+04
2.040200000000000000e+04 2.060100000000000000e+04 2.050150000000000000e+04
2.060200000000000000e+04 2.080100000000000000e+04 2.070150000000000000e+04
2.080200000000000000e+04 2.100100000000000000e+04 2.090150000000000000e+04
2.100200000000000000e+04 2.120100000000000000e+04 2.110150000000000000e+04
2.120200000000000000e+04 2.140100000000000000e+04 2.130150000000000000e+04
2.140200000000000000e+04 2.160100000000000000e+04 2.150150000000000000e+04
2.160200000000000000e+04 2.180100000000000000e+04 2.170150000000000000e+04
2.180200000000000000e+04 2.200100000000000000e+04 2.190150000000000000e+04
2.200200000000000000e+04 2.220100000000000000e+04 2.210150000000000000e+04
2.220200000000000000e+04 2.240100000000000000e+04 2.230150000000000000e+04
2.240200000000000000e+04 2.260100000000000000e+04 2.250150000000000000e+04
2.260200000000000000e+04 2.280100000000000000e+04 2.270150000000000000e+04
2.280200000000000000e+04 2.300100000000000000e+04 2.290150000000000000e+04
2.300200000000000000e+04 2.320100000000000000e+04 2.310150000000000000e+04
2.320200000000000000e+04 2.340100000000000000e+04 2.330150000000000000e+04
2.340200000000000000e+04 2.360100000000000000e+04 2.350150000000000000e+04
2.360200000000000000e+04 2.380100000000000000e+04 2.370150000000000000e+04
2.380200000000000000e+04 2.400100000000000000e+04 2.390150000000000000e+04
2.400200000000000000e+04 2.420100000000000000e+04 2.410150000000000000e+04
2.420200000000000000e+04 2.440100000000000000e+04 2.430150000000000000e+04
2.440200000000000000e+04 2.460100000000000000e+04 2.450150000000000000e+04
2.460200000000000000e+04 2.480100000000000000e+04 2.470150000000000000e+04
2.480200000000000000e+04 2.500100000000000000e+04 2.490150000000000000e+04
2.500200000000000000e+04 2.520100000000000000e+04 2.510150000000000000e+04
2.520200000000000000e+04 2.540100000000000000e+04 2.530150000000000000e+04
2.540200000000000000e+04 2.560100000000000000e+04 2.550150000000000000e+04
2.560200000000000000e+04 2.580100000000000000e+04 2.570150000000000000e+04
2.580200000000000000e+04 2.600100000000000000e+04 2.590150000000000000e+04
2.600200000000000000e+04 2.620100000000000000e+04 2.610150000000000000e+04
2.620200000000000000e+04 2.640100000000000000e+04 2.630150000000000000e+04
2.640200000000000000e+04 2.660100000000000000e+04 2.650150000000000000e+04
2.660200000000000000e+04 2.680100000000000000e+04 2.670150000000000000e+04
2.680200000000000000e+04 2.700100000000000000e+04 2.690150000000000000e+04
2.700200000000000000e+04 2.720100000000000000e+04 2.710150000000000000e+04
2.720200000000000000e+04 2.740100000000000000e+04 2.730150000000000000e+04
2.740200000000000000e+04 2.760100000000000000e+04 2.750150000000000000e+04
2.760200000000000000e+04 2.780100000000000000e+04 2.770150000000000000e+04
2.780200000000000000e+04 2.800100000000000000e+04 2.790150000000000000e+04
2.800200000000000000e+04 2.820100000000000000e+04 2.810150000000000000e+04
2.820200000000000000e+04 2.840100000000000000e+04 2.830150000000000000e+04
2.840200000000000000e+04 2.860100000000000000e+04 2.850150000000000000e+04
2.860200000000000000e+04 2.880100000000000000e+04 2.870150000000000000e+04
2.880200000000000000e+04 2.900100000000000000e+04 2.890150000000000000e+04
2.900200000000000000e+04 2.920100000000000000e+04 2.910150000000000000e+04
2.920200000000000000e+04 2.940100000000000000e+04 2.930150000000000000e+04
2.940200000000000000e+04 2.960100000000000000e+04 2.950150000000000000e+04
2.960200000000000000e+04 2.980100000000000000e+04 2.970150000000000000e+04
2.980200000000000000e+04 3.000100000000000000e+04 2.990150000000000000e+04
3.000200000000000000e+04 3.020100000000000000e+04 3.010150000000000000e+04
3.020200000000000000e+04 3.040100000000000000e+04 3.030150000000000000e+04
3.040200000000000000e+04 3.060100000000000000e+04 3.050150000000000000e+04
3.060200000000000000e+04 3.080100000000000000e+04 3.070150000000000000e+04
3.080200000000000000e+04 3.100100000000000000e+04 3.090150000000000000e+04
3.100200000000000000e+04 3.120100000000000000e+04 3.110150000000000000e+04
3.120200000000000000e+04 3.140100000000000000e+04 3.130150000000000000e+04
3.140200000000000000e+04 3.160100000000000000e+04 3.150150000000000000e+04
3.160200000000000000e+04 3.180100000000000000e+04 3.170150000000000000e+04
3.180200000000000000e+04 3.200100000000000000e+04 3.190150000000000000e+04
3.200200000000000000e+04 3.220100000000000000e+04 3.210150000000000000e+04
3.220200000000000000e+04 3.240100000000000000e+04 3.230150000000000000e+04
3.240200000000000000e+04 3.260100000000000000e+04 3.250150000000000000e+04
3.260200000000000000e+04 3.280100000000000000e+04 3.270150000000000000e+04
3.280200000000000000e+04 3.300100000000000000e+04 3.290150000000000000e+04
3.300200000000000000e+04 3.320100000000000000e+04 3.310150000000000000e+04
3.320200000000000000e+04 3.340100000000000000e+04 3.330150000000000000e+04
3.340200000000000000e+04 3.360100000000000000e+04 3.350150000000000000e+04
3.360200000000000000e+04 3.380100000000000000e+04 3.370150000000000000e+04
3.380200000000000000e+04 3.400100000000000000e+04 3.390150000000000000e+04
3.400200000000000000e+04 3.420100000000000000e+04 3.410150000000000000e+04
3.420200000000000000e+04 3.440100000000000000e+04 3.430150000000000000e+04
3.440200000000000000e+04 3.460100000000000000e+04 3.450150000000000000e+04
3.460200000000000000e+04 3.480100000000000000e+04 3.470150000000000000e+04
3.480200000000000000e+04 3.500100000000000000e+04 3.490150000000000000e+04
3.500200000000000000e+04 3.520100000000000000e+04 3.510150000000000000e+04
3.520200000000000000e+04 3.540100000000000000e+04 3.530150000000000000e+04
3.540200000000000000e+04 3.560100000000000000e+04 3.550150000000000000e+04
3.560200000000000000e+04 3.580100000000000000e+04 3.570150000000000000e+04
3.580200000000000000e+04 3.600100000000000000e+04 3.590150000000000000e+04
3.600200000000000000e+04 3.620100000000000000e+04 3.610150000000000000e+04
3.620200000000000000e+04 3.640100000000000000e+04 3.630150000000000000e+04
3.640200000000000000e+04 3.660100000000000000e+04 3.650150000000000000e+04
3.660200000000000000e+04 3.680100000000000000e+04 3.670150000000000000e+04
3.680200000000000000e+04 3.700100000000000000e+04 3.690150000000000000e+04
3.700200000000000000e+04 3.720100000000000000e+04 3.710150000000000000e+04
3.720200000000000000e+04 3.740100000000000000e+04 3.730150000000000000e+04
3.740200000000000000e+04 3.760100000000000000e+04 3.750150000000000000e+04
3.760200000000000000e+04 3.780100000000000000e+04 3.770150000000000000e+04
3.780200000000000000e+04 3.800100000000000000e+04 3.790150000000000000e+04
3.800200000000000000e+04 3.820100000000000000e+04 3.810150000000000000e+04
3.820200000000000000e+04 3.840100000000000000e+04 3.830150000000000000e+04
3.840200000000000000e+04 3.860100000000000000e+04 3.850150000000000000e+04
3.860200000000000000e+04 3.880100000000000000e+04 3.870150000000000000e+04
3.880200000000000000e+04 3.900100000000000000e+04 3.890150000000000000e+04
3.900200000000000000e+04 3.920100000000000000e+04 3.910150000000000000e+04
3.920200000000000000e+04 3.940100000000000000e+04 3.930150000000000000e+04
3.940200000000000000e+04 3.960100000000000000e+04 3.950150000000000000e+04
3.960200000000000000e+04 3.980100000000000000e+04 3.970150000000000000e+04
