# ells, tt, ee, bb, te
1.015000000000000000e+02 3.626472565571871698e+00 -1.049863090573761409e-04 4.211362451766725444e-04 -1.084247342492283828e-02
3.015000000000000000e+02 -6.742943485381708291e-02 6.940261176436262171e-04 -6.254311632418231581e-05 5.561144207589496444e-03
5.015000000000000000e+02 8.310653408074920867e-02 3.719954846486560242e-04 1.432565916846343716e-05 -1.250509679163488378e-03
7.015000000000000000e+02 1.946604039691799889e-02 3.579023885622848356e-04 -1.076625799043514922e-06 -6.582788508387344166e-04
9.015000000000000000e+02 1.477270954084602440e-02 1.819323683070049765e-04 7.644666132272179228e-07 1.451517657543119123e-05
1.101500000000000000e+03 4.643796146644106962e-03 1.320775219431543355e-04 5.662832178352868061e-07 -2.290559144414340954e-04
1.301500000000000000e+03 2.932467324303765933e-03 8.245880084678831466e-05 2.517799146648135032e-07 -8.561538781755604960e-05
1.501500000000000000e+03 1.682616835961454850e-03 3.989426790761377864e-05 2.058357388447570692e-07 -4.663292283382245086e-05
1.701500000000000000e+03 7.364580929599164050e-04 2.996875978080216509e-05 1.332559867337156233e-07 -3.876004833545978854e-05
1.901500000000000000e+03 4.415340663222677643e-04 1.481643041946298021e-05 8.341719579583689063e-08 -1.719372466667299873e-05
2.101500000000000000e+03 2.564387829210124721e-04 8.094460395898534852e-06 5.919162222213815262e-08 -1.304095860556944567e-05
2.301500000000000000e+03 1.249578573591840036e-04 5.411662922219924659e-06 3.906103901073437975e-08 -6.321684604393149096e-06
2.501500000000000000e+03 7.490879438757845849e-05 2.519007648282550015e-06 2.725750932548092063e-08 -3.661932191194632530e-06
2.701500000000000000e+03 4.281714105860546344e-05 1.528238856631150465e-06 1.914932932669047374e-08 -2.503897244955894921e-06
2.901500000000000000e+03 2.257390540393115877e-05 8.862420851102781507e-07 1.357735484854222110e-08 -1.078191949678797829e-06
3.101500000000000000e+03 1.332876591323804812e-05 4.515575005319042244e-07 9.877237052128110718e-09 -7.094701674923293606e-07
3.301500000000000000e+03 7.693487446424877337e-06 2.711469606938626822e-07 7.251479560877513281e-09 -4.192133817382016433e-07
3.501500000000000000e+03 4.335509729830598250e-06 1.505348199699246922e-07 5.446359137806657083e-09 -1.977589288249078323e-07
3.701500000000000000e+03 2.588459319037836747e-06 8.473180901157431079e-08 4.181340044862630582e-09 -1.271475405570595759e-07
3.901500000000000000e+03 1.586788482498909535e-06 4.958272740469604709e-08 3.281602143572289015e-09 -7.151012908274523367e-08
4.101500000000000000e+03 9.826059524252746118e-07 2.886300692660285873e-08 2.633136259233735196e-09 -3.873690600252327263e-08
4.301500000000000000e+03 6.314699600817900206e-07 1.745223390516359869e-08 2.146218556399135818e-09 -2.392620840744355570e-08
4.501500000000000000e+03 4.306184852074465587e-07 1.068634092821213466e-08 1.776639215437671495e-09 -1.441497713202005532e-08
4.701500000000000000e+03 3.022720085628224744e-07 6.851808398169352572e-09 1.492017127295205649e-09 -8.876605867646217473e-09
4.901500000000000000e+03 2.188276845714967271e-07 4.575904957832810842e-09 1.264473660794681355e-09 -5.819457479909273616e-09
5.101500000000000000e+03 1.667454155455057337e-07 3.153943350177694320e-09 1.077730953119634186e-09 -4.027413924795628757e-09
5.301500000000000000e+03 1.308151685706252890e-07 2.288466872247280952e-09 9.248575073413884906e-10 -2.846086424863737028e-09
5.501500000000000000e+03 1.070818303401109766e-07 1.726700884480250529e-09 8.016803251559205126e-10 -2.121754183286947797e-09
5.701500000000000000e+03 8.945002232160842832e-08 1.343419870365581094e-09 7.014588844183288386e-10 -1.676069443794751207e-09
5.901500000000000000e+03 7.657401188950850777e-08 1.085158485755124885e-09 6.185325324768862928e-10 -1.332482920280065275e-09
6.101500000000000000e+03 6.588145860853308607e-08 8.968095897620315751e-10 5.490261421729191850e-10 -1.092443508803983198e-09
6.301500000000000000e+03 5.772913748506204074e-08 7.565562677999183095e-10 4.915586658904341366e-10 -9.371459881287819404e-10
6.501500000000000000e+03 5.110238173891392528e-08 6.498159806708248822e-10 4.428543595663640161e-10 -7.978044253893082537e-10
6.701500000000000000e+03 4.537645706823208285e-08 5.654085668567977902e-10 3.996204140340669217e-10 -6.870380715395588156e-10
6.901500000000000000e+03 4.060772331818226519e-08 4.950241406647390380e-10 3.604317405232249918e-10 -6.050021898401140677e-10
7.101500000000000000e+03 3.621547248954002697e-08 4.363963235318417625e-10 3.247603571707517314e-10 -5.312162826104081243e-10
7.301500000000000000e+03 3.274898182797669931e-08 3.863943709516920506e-10 2.928150533392808822e-10 -4.657633681924088102e-10
7.501500000000000000e+03 2.959687279530950815e-08 3.430674700978205545e-10 2.646338754958304534e-10 -4.143838536359388744e-10
7.701500000000000000e+03 2.695088844767166121e-08 3.063857940760706342e-10 2.402630610859149936e-10 -3.679513496471776616e-10
7.901500000000000000e+03 2.460638370101797842e-08 2.749807777205739817e-10 2.191157748019833648e-10 -3.297894370848924192e-10
8.101500000000000000e+03 2.230744346605241825e-08 2.485764037032333951e-10 2.007029300583415274e-10 -3.000393414058039836e-10
8.301500000000000000e+03 2.059696250519735317e-08 2.262768000448765197e-10 1.850148336849152998e-10 -2.710694846927332221e-10
8.501500000000000000e+03 1.882083385405992261e-08 2.074536346775752365e-10 1.717147924534753992e-10 -2.503640774265115362e-10
8.701500000000000000e+03 1.742659762814925593e-08 1.913351167560902356e-10 1.603409024870610855e-10 -2.339322712595388896e-10
8.901500000000000000e+03 1.614741472943392552e-08 1.773345436860410225e-10 1.500952867798479776e-10 -2.144184064307668848e-10
9.101500000000000000e+03 1.493140583977240571e-08 1.647567560679920198e-10 1.404363386338444386e-10 -1.998408538137698947e-10
9.301500000000000000e+03 1.386918019238176203e-08 1.525878326248908041e-10 1.308682822680960735e-10 -1.879033751140662501e-10
9.501500000000000000e+03 1.277543000477665371e-08 1.413367795672838327e-10 1.211979094781104784e-10 -1.714753939197526779e-10
9.701500000000000000e+03 1.186759347098020149e-08 1.306247798990153387e-10 1.118660651342318524e-10 -1.573313273129929798e-10
9.901500000000000000e+03 1.088338980087510490e-08 1.200984549206500347e-10 1.032819270007155228e-10 -1.469147940827296173e-10
1.010150000000000000e+04 1.019429013210132446e-08 1.109602858542346146e-10 9.576488969108136703e-11 -1.346202099492060192e-10
1.030150000000000000e+04 9.501562608773358008e-09 1.025393458782751248e-10 8.931186976533329984e-11 -1.223141581321135635e-10
1.050150000000000000e+04 8.925602707011956186e-09 9.533446468055157901e-11 8.390746862094263964e-11 -1.148293045529824062e-10
1.070150000000000000e+04 8.403092153299518872e-09 8.859813433430013816e-11 7.914292350820318425e-11 -1.072496607570144892e-10
1.090150000000000000e+04 7.907138224313811399e-09 8.314046249528964784e-11 7.467645838287553100e-11 -9.895978777162424146e-11
1.110150000000000000e+04 7.474044586588372089e-09 7.779523403451849959e-11 7.039346333539537619e-11 -9.185505208100930645e-11
1.130150000000000000e+04 7.038227007123032868e-09 7.287736484373230422e-11 6.622499064656455301e-11 -8.785501339886559088e-11
1.150150000000000000e+04 6.573737983737640604e-09 6.850847716422228424e-11 6.215919580341950279e-11 -8.186157623807547344e-11
1.170150000000000000e+04 6.219688369558514715e-09 6.441600987152859461e-11 5.845517564330911338e-11 -7.558745696550074567e-11
1.190150000000000000e+04 5.830564696987874350e-09 6.062006540613509397e-11 5.533919620431606137e-11 -7.274147760306285491e-11
1.210150000000000000e+04 5.541138731091841686e-09 5.730732268505931126e-11 5.268722434187482762e-11 -6.924907487169863481e-11
1.230150000000000000e+04 5.300076896644519519e-09 5.418826646583207704e-11 5.014977344502870213e-11 -6.382246699767664500e-11
1.250150000000000000e+04 4.992121316727999003e-09 5.134680283997240297e-11 4.751790416123787030e-11 -6.134116440980592085e-11
1.270150000000000000e+04 4.685368809148485591e-09 4.832708027544905391e-11 4.477339032900702678e-11 -5.836695350317147854e-11
1.290150000000000000e+04 4.412270571606761076e-09 4.568070076983930969e-11 4.207000454370105929e-11 -5.429852734121251194e-11
1.310150000000000000e+04 4.126488135466465708e-09 4.299469523058928225e-11 3.957419929106514676e-11 -5.135908699906644318e-11
1.330150000000000000e+04 3.954055038361995985e-09 4.045558085143427469e-11 3.736634694751866705e-11 -4.872778218884980755e-11
1.350150000000000000e+04 3.709554771993304919e-09 3.822527472057297970e-11 3.531056226749742766e-11 -4.574828970016030680e-11
1.370150000000000000e+04 3.501505563001366857e-09 3.615663517042218998e-11 3.336977427917863528e-11 -4.344686302964441583e-11
1.390150000000000000e+04 3.299356846865599141e-09 3.421229470394499287e-11 3.159180345220768358e-11 -4.126198639948141380e-11
1.410150000000000000e+04 3.114366017667687255e-09 3.255521333897289372e-11 3.004303674222623146e-11 -3.942381365464922750e-11
1.430150000000000000e+04 2.976334597163623340e-09 3.097438549870153231e-11 2.870684361181418826e-11 -3.751417551233994967e-11
1.450150000000000000e+04 2.818287989469866702e-09 2.955377841626524093e-11 2.748948263207008194e-11 -3.578713137992327156e-11
1.470150000000000000e+04 2.691381241356266847e-09 2.815219374566530456e-11 2.629777184268399177e-11 -3.427671147529166447e-11
1.490150000000000000e+04 2.554416125417611190e-09 2.674508979653476651e-11 2.504643673559627794e-11 -3.242131534816760225e-11
1.510150000000000000e+04 2.435537190899532179e-09 2.538434211719963399e-11 2.373770698666143284e-11 -3.048398982158680030e-11
1.530150000000000000e+04 2.309900230751375761e-09 2.394461746228741737e-11 2.239355587524776462e-11 -2.896249892595884129e-11
1.550150000000000000e+04 2.181654003328857104e-09 2.263917401927944128e-11 2.109904779237012459e-11 -2.721217741846480282e-11
1.570150000000000000e+04 2.082139241636634263e-09 2.141391470321650622e-11 1.997014337743476685e-11 -2.543678467020675417e-11
1.590150000000000000e+04 1.983100771987474121e-09 2.030784438416591338e-11 1.907859883887964966e-11 -2.435415996946991964e-11
1.610150000000000000e+04 1.916027924639512011e-09 1.941017504741126069e-11 1.840158486425276584e-11 -2.319965234216732595e-11
1.630150000000000000e+04 1.854160375548390814e-09 1.856902884908479921e-11 1.781303453592289805e-11 -2.192599544588093042e-11
1.650150000000000000e+04 1.786564085489273590e-09 1.784774313273140862e-11 1.719253853653604997e-11 -2.129839965512240844e-11
1.670150000000000000e+04 1.707106169325133542e-09 1.708156813022510325e-11 1.647454235721314332e-11 -2.033061303491595691e-11
1.690150000000000000e+04 1.634288002659538628e-09 1.640494538424611709e-11 1.570760502707451678e-11 -1.934315895843722361e-11
1.710150000000000000e+04 1.545606856811932257e-09 1.568767734523885638e-11 1.497347793240051811e-11 -1.873782791573609448e-11
1.730150000000000000e+04 1.493034833332333878e-09 1.504674900067018402e-11 1.435076828267114624e-11 -1.801902346152997975e-11
1.750150000000000000e+04 1.432044281550018376e-09 1.448108547757876167e-11 1.384187392245347532e-11 -1.712546241172818131e-11
1.770150000000000000e+04 1.384823088158644355e-09 1.395985348238207778e-11 1.340682101345706432e-11 -1.673268962054631827e-11
1.790150000000000000e+04 1.334869664201683875e-09 1.344224853448784802e-11 1.297144093186839934e-11 -1.622674067677925416e-11
1.810150000000000000e+04 1.280051364171648638e-09 1.300599385982303453e-11 1.250484962951211288e-11 -1.548328226729978854e-11
1.830150000000000000e+04 1.231393490547225326e-09 1.250977803701720977e-11 1.202577193921496055e-11 -1.494520820437536262e-11
1.850150000000000000e+04 1.178369590105366028e-09 1.203180402771149925e-11 1.155560807763243805e-11 -1.460045888758495922e-11
1.870150000000000000e+04 1.136034584595500107e-09 1.158648230291443259e-11 1.110572745751363523e-11 -1.385964012513997384e-11
1.890150000000000000e+04 1.098705411684527311e-09 1.112992917576477042e-11 1.068735025564109979e-11 -1.322696615269989887e-11
1.910150000000000000e+04 1.054179615510616539e-09 1.070940647431529164e-11 1.030971142814431719e-11 -1.290765631721895659e-11
1.930150000000000000e+04 1.020703527321941152e-09 1.030941053366823172e-11 9.959114013521639803e-12 -1.236213167103961928e-11
1.950150000000000000e+04 9.895084816665620147e-10 9.930157538445376119e-12 9.625970883943652608e-12 -1.175556025600770393e-11
1.970150000000000000e+04 9.559798498899239688e-10 9.577764255300794099e-12 9.307361003014237880e-12 -1.139527776888641252e-11
1.990150000000000000e+04 9.280459462452164412e-10 9.217549922715881289e-12 8.989143967043954399e-12 -1.101483916889192900e-11
2.010150000000000000e+04 8.934513189355182662e-10 8.893968555029443400e-12 8.660988155524993743e-12 -1.050183179196191776e-11
2.030150000000000000e+04 8.690271211766669430e-10 8.647735532581108201e-12 8.420309701061050908e-12 -1.023614882314711128e-11
2.050150000000000000e+04 8.131837447261473957e-10 8.042427580037031023e-12 7.840783020244659189e-12 -9.539043193073264214e-12
2.070150000000000000e+04 9.919060525094750264e-10 9.846904147274741945e-12 9.615522285571336631e-12 -1.168279561280636192e-11
