# ells, tt, ee, bb, te
1.015000000000000000e+02 1.656029842457720633e+03 -2.547005587317459074e+00 2.509818190786151870e+00 -2.874253126197973174e+01
3.015000000000000000e+02 4.825863527674779107e+03 1.094192250376557674e+01 -8.761039242231900559e-01 7.069055819004009322e+01
5.015000000000000000e+02 1.582702473824931076e+03 1.427289640183682629e+01 3.478825839945098308e-01 -2.880014479473219779e+01
7.015000000000000000e+02 2.168753042646546419e+03 2.791301023383705271e+01 3.325327158819278012e-02 -6.551010244550920447e+01
9.015000000000000000e+02 1.790738978670965480e+03 2.514163991352175387e+01 6.631627898807990196e-02 5.665510392906955239e+00
1.101500000000000000e+03 1.000571976103000907e+03 2.470659707828140128e+01 1.168110323219311159e-01 -4.323563974833831480e+01
1.301500000000000000e+03 7.878367064429264701e+02 2.288974750908360889e+01 7.090643239453603419e-02 -2.584308464674032635e+01
1.501500000000000000e+03 6.173515549885602240e+02 1.459544681806318955e+01 7.379189114413080286e-02 -1.541437614587091431e+01
1.701500000000000000e+03 3.493189595406805097e+02 1.368107879213816958e+01 6.250189594361381384e-02 -1.837697776470392697e+01
1.901500000000000000e+03 2.559055335433065750e+02 8.773452880684116550e+00 4.855857102113882162e-02 -1.016617783097585459e+01
2.101500000000000000e+03 1.826224221485426540e+02 5.694130483220170902e+00 4.182731383971440009e-02 -8.986687248938492800e+00
2.301500000000000000e+03 1.067833440857548055e+02 4.582189774446106867e+00 3.319846750137556840e-02 -5.507200742995574494e+00
2.501500000000000000e+03 7.492069476796861238e+01 2.552197920077013293e+00 2.726807947653479142e-02 -3.644068358906639382e+00
2.701500000000000000e+03 5.016755999445859260e+01 1.774624049075842258e+00 2.234740413785581484e-02 -2.910965371212349329e+00
2.901500000000000000e+03 3.048134178847901410e+01 1.198300789176107939e+00 1.826967090664901455e-02 -1.474118247123339165e+00
3.101500000000000000e+03 2.055223002237699959e+01 6.964624261935322691e-01 1.517838045293819216e-02 -1.083467787596510634e+00
3.301500000000000000e+03 1.349344658675663311e+01 4.718983708393641452e-01 1.262687978346599231e-02 -7.327845357898306045e-01
3.501500000000000000e+03 8.563892407924667438e+00 2.959196591546379151e-01 1.066268165519992060e-02 -3.892584836929491865e-01
3.701500000000000000e+03 5.722158369847334392e+00 1.855354183877529761e-01 9.144532903362605561e-03 -2.776036294007165894e-01
3.901500000000000000e+03 3.897644178552000849e+00 1.206760305957772922e-01 7.970078558295746671e-03 -1.744354376479047009e-01
4.101500000000000000e+03 2.663601700987589638e+00 7.763906767517979313e-02 7.064586535523945804e-03 -1.041328849858735583e-01
4.301500000000000000e+03 1.876098347070525696e+00 5.157387697630774065e-02 6.331449686271798348e-03 -7.069879229532258225e-02
4.501500000000000000e+03 1.397273514101106784e+00 3.459456034430531679e-02 5.738651410472824996e-03 -4.668654946345796031e-02
4.701500000000000000e+03 1.069805671822134707e+00 2.417797867220388558e-02 5.256275463176768130e-03 -3.131991378428602285e-02
4.901500000000000000e+03 8.428491107525789561e-01 1.754360592183962925e-02 4.841125516956123684e-03 -2.232076340558910438e-02
5.101500000000000000e+03 6.970780998832009079e-01 1.309584504821573528e-02 4.469774603625307000e-03 -1.672027012069727744e-02
5.301500000000000000e+03 5.917317080750280622e-01 1.025688672501079944e-02 4.142052300379861843e-03 -1.275579091738959607e-02
5.501500000000000000e+03 5.197328405754683134e-01 8.331950346311104219e-03 3.866038615312965537e-03 -1.023724142110163382e-02
5.701500000000000000e+03 4.650508551576011396e-01 6.960646553392673720e-03 3.632726564960773660e-03 -8.680230728532991463e-03
5.901500000000000000e+03 4.253801809705722303e-01 6.022480586225241288e-03 3.431544352757533167e-03 -7.394088306627234937e-03
6.101500000000000000e+03 3.901550677233127651e-01 5.319690330698768899e-03 3.255576647728499785e-03 -6.478490851793188010e-03
6.301500000000000000e+03 3.639688906127946932e-01 4.785898194391300167e-03 3.108726181346041940e-03 -5.928292859892947582e-03
6.501500000000000000e+03 3.425103882617624995e-01 4.375348211978647567e-03 2.981209419020237634e-03 -5.371822511826788472e-03
6.701500000000000000e+03 3.229487759537879032e-01 4.044556918567771692e-03 2.858150716468652042e-03 -4.915419355423803968e-03
6.901500000000000000e+03 3.063798028911854932e-01 3.755377902019265118e-03 2.734057339260867903e-03 -4.589538273479796746e-03
7.101500000000000000e+03 2.892294625347707204e-01 3.505078640066227030e-03 2.608318593166469163e-03 -4.266297066086875180e-03
7.301500000000000000e+03 2.763354115275382106e-01 3.280648182277632816e-03 2.486026518014307785e-03 -3.954288788582384535e-03
7.501500000000000000e+03 2.629904741334467277e-01 3.074431561487199049e-03 2.371478499749579607e-03 -3.712504529578103309e-03
7.701500000000000000e+03 2.528013789945480760e-01 2.893963356390409202e-03 2.269307568513237276e-03 -3.475138559882778606e-03
7.901500000000000000e+03 2.431407034365185016e-01 2.733879734840824298e-03 2.178371573969423765e-03 -3.278192906005826003e-03
8.101500000000000000e+03 2.317629107992622284e-01 2.597939762701381283e-03 2.097506777857471860e-03 -3.135818776719413465e-03
8.301500000000000000e+03 2.246451270829065983e-01 2.483024633206829326e-03 2.030128166848875395e-03 -2.974466962802321205e-03
8.501500000000000000e+03 2.151960675539495715e-01 2.387362866124923596e-03 1.976006416987850269e-03 -2.881108819381977913e-03
8.701500000000000000e+03 2.086935789850758727e-01 2.306644801270529583e-03 1.932914715449827623e-03 -2.820364967749580676e-03
8.901500000000000000e+03 2.023846051936522838e-01 2.237210887823048045e-03 1.893543721763070453e-03 -2.704570911794134010e-03
9.101500000000000000e+03 1.957289159740599194e-01 2.172938986372416163e-03 1.852178059264899309e-03 -2.635738525116978863e-03
9.301500000000000000e+03 1.899969970091429372e-01 2.101901367385274749e-03 1.802712776638292890e-03 -2.587830072102005521e-03
9.501500000000000000e+03 1.827241048407352297e-01 2.031479167426752247e-03 1.742066082664810991e-03 -2.464586077869811674e-03
9.701500000000000000e+03 1.770320432240284070e-01 1.957434440078853217e-03 1.676326799103896670e-03 -2.357504890847375318e-03
9.901500000000000000e+03 1.691263000129308580e-01 1.874638420682062405e-03 1.612136597231125573e-03 -2.293006190519206091e-03
1.010150000000000000e+04 1.648702865405698159e-01 1.802653289703772671e-03 1.555756975881495991e-03 -2.187189293066533688e-03
1.030150000000000000e+04 1.597833424490454624e-01 1.732433078562863049e-03 1.508913678861927140e-03 -2.066457626362069259e-03
1.050150000000000000e+04 1.559673067421720738e-01 1.673837829004289545e-03 1.473152117244111697e-03 -2.016134490437773014e-03
1.070150000000000000e+04 1.524922996036857936e-01 1.615356150548449441e-03 1.442922619579568985e-03 -1.955313766491171938e-03
1.090150000000000000e+04 1.489400844482960951e-01 1.572975317733452290e-03 1.412848741467954495e-03 -1.872277848678542906e-03
1.110150000000000000e+04 1.460458228931435787e-01 1.526397951702988635e-03 1.381134690480015186e-03 -1.802079133919652545e-03
1.130150000000000000e+04 1.425804663761656432e-01 1.481827434737559117e-03 1.346581267448854636e-03 -1.786281598189378480e-03
1.150150000000000000e+04 1.379553881359180389e-01 1.442737191207310978e-03 1.309035593766894653e-03 -1.723886604819753520e-03
1.170150000000000000e+04 1.351199292833577814e-01 1.404143672428558639e-03 1.274192879156583417e-03 -1.647579182219313784e-03
1.190150000000000000e+04 1.310282438479749012e-01 1.366913257898607400e-03 1.247827055470724115e-03 -1.640215773114527464e-03
1.210150000000000000e+04 1.287345055295088803e-01 1.336031734573887289e-03 1.228286006305313134e-03 -1.614367545881627676e-03
1.230150000000000000e+04 1.272376449350302863e-01 1.305382787715885905e-03 1.208094725812352546e-03 -1.537482661629977106e-03
1.250150000000000000e+04 1.237774024913664284e-01 1.277487148655560194e-03 1.182230937219940587e-03 -1.526089722027807773e-03
1.270150000000000000e+04 1.199297563983599269e-01 1.241157967418181048e-03 1.149887190614201551e-03 -1.498924358714677756e-03
1.290150000000000000e+04 1.165441046963313632e-01 1.210387455128339798e-03 1.114748113583520885e-03 -1.438695440337787318e-03
1.310150000000000000e+04 1.124172087382215857e-01 1.174843921511041587e-03 1.081367872038885725e-03 -1.403365365234352478e-03
1.330150000000000000e+04 1.110538861022703772e-01 1.139451913709385372e-03 1.052439315989545793e-03 -1.372376507923353355e-03
1.350150000000000000e+04 1.073503508624814168e-01 1.109234611513721996e-03 1.024665186521201386e-03 -1.327483620222271289e-03
1.370150000000000000e+04 1.043528408696757226e-01 1.080529917804901735e-03 9.972396940537819193e-04 -1.298437193087468265e-03
1.390150000000000000e+04 1.012126164277175056e-01 1.052475958722097352e-03 9.718662134953323564e-04 -1.269195448491360458e-03
1.410150000000000000e+04 9.830057895270170876e-02 1.030507994105087262e-03 9.509872678034550107e-04 -1.247997196341005992e-03
1.430150000000000000e+04 9.662862258878869570e-02 1.008486831389393372e-03 9.346464589999478817e-04 -1.221315019257263913e-03
1.450150000000000000e+04 9.408063007795479382e-02 9.893142353462082688e-04 9.202127067401792964e-04 -1.197952182824948714e-03
1.470150000000000000e+04 9.235099510361030606e-02 9.685842450155600141e-04 9.047716897571938133e-04 -1.179304853141162259e-03
1.490150000000000000e+04 9.006354667574929806e-02 9.453714532181225084e-04 8.853332170522133088e-04 -1.145942569566481923e-03
1.510150000000000000e+04 8.820295476508177579e-02 9.215256327949554026e-04 8.617495279718216227e-04 -1.106692246184890014e-03
1.530150000000000000e+04 8.588797346919374576e-02 8.924424971907544057e-04 8.346340569355218406e-04 -1.079407860877844814e-03
1.550150000000000000e+04 8.325275480072481804e-02 8.659740727138693630e-04 8.070716773860881106e-04 -1.040914788884730966e-03
1.570150000000000000e+04 8.151563959340214771e-02 8.403899958042640060e-04 7.837177049481562369e-04 -9.982262635840819225e-04
1.590150000000000000e+04 7.962566944448086492e-02 8.173894579190362029e-04 7.679068336294690060e-04 -9.802613379872656286e-04
1.610150000000000000e+04 7.888083626761781264e-02 8.010393629322337715e-04 7.593970702003114727e-04 -9.573889847653149635e-04
1.630150000000000000e+04 7.824806563869515785e-02 7.854679086788276914e-04 7.534798320745331223e-04 -9.274647388643605592e-04
1.650150000000000000e+04 7.726501061261353831e-02 7.735939541126009289e-04 7.451930444558296481e-04 -9.231436195147516401e-04
1.670150000000000000e+04 7.563641679481913904e-02 7.584460869013653038e-04 7.314937637280857080e-04 -9.026844947689313973e-04
1.690150000000000000e+04 7.416118964965508209e-02 7.459411754083035157e-04 7.142453349120386026e-04 -8.795369618934513814e-04
1.710150000000000000e+04 7.180770907298188177e-02 7.303179310346384579e-04 6.970688505926135028e-04 -8.722837885456423673e-04
1.730150000000000000e+04 7.099836296862974128e-02 7.169501707770804637e-04 6.837880586349377862e-04 -8.585738947647467319e-04
1.750150000000000000e+04 6.968045520277740823e-02 7.060361578100209654e-04 6.748700321626460762e-04 -8.349294544972818118e-04
1.770150000000000000e+04 6.893164302992253745e-02 6.962717098328337221e-04 6.686793737508334905e-04 -8.345749228177402283e-04
1.790150000000000000e+04 6.795600498892591379e-02 6.856845797571762841e-04 6.616699746505005355e-04 -8.276840749218175282e-04
1.810150000000000000e+04 6.663173629285563948e-02 6.783347903658195049e-04 6.522030097717160593e-04 -8.075491563836288819e-04
1.830150000000000000e+04 6.552682985702644458e-02 6.669640661506811034e-04 6.411545175497280168e-04 -7.967776170099065240e-04
1.850150000000000000e+04 6.408704879276752586e-02 6.555641073062107652e-04 6.296249063463991514e-04 -7.955154468122423725e-04
1.870150000000000000e+04 6.313110817064192248e-02 6.450309488946560964e-04 6.182650030249301366e-04 -7.715708551003456345e-04
1.890150000000000000e+04 6.237275333711612274e-02 6.329352943047625779e-04 6.077639085316753360e-04 -7.521783157007087871e-04
1.910150000000000000e+04 6.111872044932711162e-02 6.219710687284673873e-04 5.987585874572173275e-04 -7.496355373456779509e-04
1.930150000000000000e+04 6.042322350859009872e-02 6.113521920214768550e-04 5.905723912797952767e-04 -7.330516809657969604e-04
1.950150000000000000e+04 5.979701813228450319e-02 6.011184973931627765e-04 5.827049254653048375e-04 -7.116409490268215754e-04
1.970150000000000000e+04 5.896203204219693794e-02 5.917414140797229959e-04 5.750335382968558423e-04 -7.040070676532334763e-04
1.990150000000000000e+04 5.840987585556164235e-02 5.811179748158121910e-04 5.667140352037039475e-04 -6.944120312932548170e-04
2.010150000000000000e+04 5.736728478807823911e-02 5.719986675402964713e-04 5.570193829430739128e-04 -6.754178416800676443e-04
2.030150000000000000e+04 5.693248679686568198e-02 5.674396502141990919e-04 5.525144857427620286e-04 -6.716492709073912121e-04
2.050150000000000000e+04 5.427298654747125112e-02 5.375900831153832904e-04 5.241094027933826654e-04 -6.376130883341419578e-04
2.070150000000000000e+04 6.767663759828018710e-02 6.728659673314187724e-04 6.570558919895308795e-04 -7.983170696018053241e-04
