1.015000000000000000e+02 7.933997064507786412e+00
3.015000000000000000e+02 -2.725915509504940881e-01
5.015000000000000000e+02 6.042234598150651337e+00
7.015000000000000000e+02 1.351858464110597291e+00
9.015000000000000000e+02 3.050266361075651744e+00
1.101500000000000000e+03 3.649165432542028409e+00
1.301500000000000000e+03 5.986138183727583773e+00
1.501500000000000000e+03 8.305816767124577282e+00
1.701500000000000000e+03 8.249392194078300378e+00
1.901500000000000000e+03 7.231656528623740421e+00
2.101500000000000000e+03 1.094386229434243774e+01
2.301500000000000000e+03 1.144911229203370517e+01
2.501500000000000000e+03 1.335554515968096112e+01
2.701500000000000000e+03 1.072403565094842115e+01
2.901500000000000000e+03 1.255834003165919732e+01
3.101500000000000000e+03 1.378015313127397334e+01
3.301500000000000000e+03 1.499248116092004679e+01
3.501500000000000000e+03 1.932242489070735658e+01
3.701500000000000000e+03 1.601043834358493001e+01
3.901500000000000000e+03 1.666420991314516442e+01
4.101500000000000000e+03 1.461717890626514738e+01
4.301500000000000000e+03 1.540015493024439763e+01
4.501500000000000000e+03 1.764926002325004006e+01
4.701500000000000000e+03 1.457299063464631672e+01
4.901500000000000000e+03 1.654716464942825738e+01
5.101500000000000000e+03 1.485837117102869698e+01
5.301500000000000000e+03 1.389431681715626077e+01
5.501500000000000000e+03 2.085378993544036064e+01
5.701500000000000000e+03 1.890331768170632643e+01
5.901500000000000000e+03 1.424971186603677786e+01
6.101500000000000000e+03 1.763176908588051717e+01
6.301500000000000000e+03 1.796644919204614155e+01
6.501500000000000000e+03 1.753784352310748318e+01
6.701500000000000000e+03 1.682726937661282562e+01
6.901500000000000000e+03 1.855345967343712132e+01
7.101500000000000000e+03 1.684506298716125627e+01
7.301500000000000000e+03 1.644319164983004100e+01
7.501500000000000000e+03 1.558085162443213356e+01
7.701500000000000000e+03 1.572206951547548925e+01
7.901500000000000000e+03 1.544755349409002498e+01
8.101500000000000000e+03 1.628568059827074421e+01
8.301500000000000000e+03 1.712006456587549863e+01
8.501500000000000000e+03 1.220147709017864379e+01
8.701500000000000000e+03 1.795258310601259311e+01
8.901500000000000000e+03 1.209451461103645364e+01
9.101500000000000000e+03 1.567434476799005516e+01
9.301500000000000000e+03 1.443562340988716386e+01
9.501500000000000000e+03 1.479642196547257704e+01
9.701500000000000000e+03 1.647712510394484653e+01
9.901500000000000000e+03 1.339223805191592653e+01
1.010150000000000000e+04 1.475621710840258771e+01
1.030150000000000000e+04 1.604384797769562354e+01
1.050150000000000000e+04 1.242887106730959168e+01
1.070150000000000000e+04 1.357855042531428680e+01
1.090150000000000000e+04 1.221002562453334939e+01
1.110150000000000000e+04 1.353938890382046267e+01
1.130150000000000000e+04 1.176304976640606448e+01
1.150150000000000000e+04 1.423121147990332958e+01
1.170150000000000000e+04 1.147101869853048761e+01
1.190150000000000000e+04 1.255040164382213241e+01
1.210150000000000000e+04 1.167803174532988209e+01
1.230150000000000000e+04 1.692645006815235575e+01
