1.015000000000000000e+02 6.544478136726155526e+01
3.015000000000000000e+02 2.217015616495284576e+02
5.015000000000000000e+02 2.165340692147451023e+02
7.015000000000000000e+02 6.695133252435481381e+02
9.015000000000000000e+02 1.458224434204373210e+03
1.101500000000000000e+03 1.414315982546482701e+03
1.301500000000000000e+03 3.506410603345930667e+03
1.501500000000000000e+03 4.472129544575170257e+03
1.701500000000000000e+03 4.085560858325744448e+03
1.901500000000000000e+03 4.838728303363314808e+03
2.101500000000000000e+03 8.322046085544689049e+03
2.301500000000000000e+03 9.042114464965856314e+03
2.501500000000000000e+03 1.128165853655843966e+04
2.701500000000000000e+03 1.578751523047048431e+04
2.901500000000000000e+03 1.250323060571671522e+04
3.101500000000000000e+03 1.462096873536086423e+04
3.301500000000000000e+03 2.008533781847339196e+04
3.501500000000000000e+03 2.266471979044151522e+04
3.701500000000000000e+03 1.974799166544974651e+04
3.901500000000000000e+03 2.800261423937856671e+04
4.101500000000000000e+03 2.690330476257858390e+04
4.301500000000000000e+03 2.588615475784541923e+04
4.501500000000000000e+03 3.442380263585827925e+04
4.701500000000000000e+03 4.706380866321294889e+04
4.901500000000000000e+03 3.887501652556488261e+04
5.101500000000000000e+03 4.236487325549122033e+04
5.301500000000000000e+03 5.155377246622301027e+04
5.501500000000000000e+03 4.754348503906072438e+04
5.701500000000000000e+03 5.214444929638413305e+04
5.901500000000000000e+03 6.042231319144261943e+04
6.101500000000000000e+03 6.584475731316943711e+04
6.301500000000000000e+03 5.940554426740220515e+04
6.501500000000000000e+03 6.788964928811868594e+04
6.701500000000000000e+03 7.245850849427074718e+04
6.901500000000000000e+03 8.252404026397995767e+04
7.101500000000000000e+03 9.440391023942647735e+04
7.301500000000000000e+03 9.656001655794960971e+04
7.501500000000000000e+03 8.594429782506688207e+04
7.701500000000000000e+03 9.386109883963339962e+04
7.901500000000000000e+03 1.119498564405666984e+05
8.101500000000000000e+03 1.126603082366688031e+05
8.301500000000000000e+03 1.223236383363818022e+05
8.501500000000000000e+03 1.184984926690723951e+05
8.701500000000000000e+03 1.182951807007560710e+05
8.901500000000000000e+03 1.150513027708428999e+05
9.101500000000000000e+03 1.359961171771810623e+05
9.301500000000000000e+03 1.504306125861523033e+05
9.501500000000000000e+03 1.734270389028058562e+05
9.701500000000000000e+03 1.521156179175332654e+05
9.901500000000000000e+03 1.691403170541093859e+05
1.010150000000000000e+04 1.523737404720287013e+05
1.030150000000000000e+04 1.828130988494479097e+05
1.050150000000000000e+04 1.785635631796862872e+05
1.070150000000000000e+04 2.069953070095519652e+05
1.090150000000000000e+04 1.936759361525429704e+05
1.110150000000000000e+04 1.851386524035649782e+05
1.130150000000000000e+04 1.975611246815407358e+05
1.150150000000000000e+04 2.331520735102631152e+05
1.170150000000000000e+04 2.537767611933556618e+05
1.190150000000000000e+04 2.273562734394411673e+05
1.210150000000000000e+04 2.296033140117261792e+05
1.230150000000000000e+04 3.207541845956885372e+05
