1.015000000000000000e+02 3.323326329111059851e-01
3.015000000000000000e+02 -6.376713688204939390e-02
5.015000000000000000e+02 4.252976856633188668e-02
7.015000000000000000e+02 2.246274295336880139e-02
9.015000000000000000e+02 7.511101272424563872e-03
1.101500000000000000e+03 2.189690115686675209e-02
1.301500000000000000e+03 1.251382856497701077e-02
1.501500000000000000e+03 3.011174637917200803e-02
1.701500000000000000e+03 3.085186732111101088e-02
1.901500000000000000e+03 4.870647883844004405e-02
2.101500000000000000e+03 2.446553749784257173e-02
2.301500000000000000e+03 4.977644140667664835e-02
2.501500000000000000e+03 4.364995784339881918e-02
2.701500000000000000e+03 5.203787802888851233e-02
2.901500000000000000e+03 4.689145346726652369e-02
3.101500000000000000e+03 6.956382306210534550e-02
3.301500000000000000e+03 6.853255068919821003e-02
3.501500000000000000e+03 8.931700177879800528e-02
3.701500000000000000e+03 1.066201365244765636e-01
3.901500000000000000e+03 1.238212504251714058e-01
4.101500000000000000e+03 1.194665411464092414e-01
4.301500000000000000e+03 1.077725960952650303e-01
4.501500000000000000e+03 1.228545547930378623e-01
4.701500000000000000e+03 1.506369061446176105e-01
4.901500000000000000e+03 1.636169273741371055e-01
5.101500000000000000e+03 1.356260467836501449e-01
5.301500000000000000e+03 1.419191790934776209e-01
5.501500000000000000e+03 1.975858581852527329e-01
5.701500000000000000e+03 1.938556375178314972e-01
5.901500000000000000e+03 2.078094165269727955e-01
6.101500000000000000e+03 2.379384544049462091e-01
6.301500000000000000e+03 2.382935740225747834e-01
6.501500000000000000e+03 2.496280928536909471e-01
6.701500000000000000e+03 2.743326760704010714e-01
6.901500000000000000e+03 2.228202177391580552e-01
7.101500000000000000e+03 2.417745083635724768e-01
7.301500000000000000e+03 3.097302038929986012e-01
7.501500000000000000e+03 2.210777200661803166e-01
7.701500000000000000e+03 3.197837833291922172e-01
7.901500000000000000e+03 3.192677308446025264e-01
8.101500000000000000e+03 3.816302067675976240e-01
8.301500000000000000e+03 4.144837842237771852e-01
8.501500000000000000e+03 3.937305728617049860e-01
8.701500000000000000e+03 3.781419417884371303e-01
8.901500000000000000e+03 4.410720156781615109e-01
9.101500000000000000e+03 3.947442753545035155e-01
9.301500000000000000e+03 4.698211570940571402e-01
9.501500000000000000e+03 4.704174821634996007e-01
9.701500000000000000e+03 5.208306097254700173e-01
9.901500000000000000e+03 4.485503908766159120e-01
1.010150000000000000e+04 5.726172633844378579e-01
1.030150000000000000e+04 5.688603932121202300e-01
1.050150000000000000e+04 5.819076290251278261e-01
1.070150000000000000e+04 5.942191174853130864e-01
1.090150000000000000e+04 6.134503858054869418e-01
1.110150000000000000e+04 5.835308261246446859e-01
1.130150000000000000e+04 6.827140635151240922e-01
1.150150000000000000e+04 6.169644666478247830e-01
1.170150000000000000e+04 6.545788764243136715e-01
1.190150000000000000e+04 7.939813531848876060e-01
1.210150000000000000e+04 6.168157323243467216e-01
1.230150000000000000e+04 9.941480410644686350e-01
