1.015000000000000000e+02 6.618495152022936256e-01
3.015000000000000000e+02 8.010414148242217536e+00
5.015000000000000000e+02 1.107713345527783488e+01
7.015000000000000000e+02 2.095968590257688646e+01
9.015000000000000000e+02 4.621836501247490503e+01
1.101500000000000000e+03 7.143130864122269941e+01
1.301500000000000000e+03 1.183285212533890416e+02
1.501500000000000000e+03 1.523705631939800185e+02
1.701500000000000000e+03 1.513525336783912394e+02
1.901500000000000000e+03 1.718267213157783999e+02
2.101500000000000000e+03 2.691245883189102983e+02
2.301500000000000000e+03 3.380686903389382110e+02
2.501500000000000000e+03 4.203962850599471608e+02
2.701500000000000000e+03 4.900962026525112378e+02
2.901500000000000000e+03 4.354114642599554941e+02
3.101500000000000000e+03 5.021014574010648630e+02
3.301500000000000000e+03 6.732227572135903984e+02
3.501500000000000000e+03 8.041999944606212694e+02
3.701500000000000000e+03 8.208463230340415748e+02
3.901500000000000000e+03 9.294834694297994702e+02
4.101500000000000000e+03 9.216969317262239656e+02
4.301500000000000000e+03 9.489958217465016332e+02
4.501500000000000000e+03 1.257382788155698336e+03
4.701500000000000000e+03 1.549057996217750770e+03
4.901500000000000000e+03 1.456635760512403294e+03
5.101500000000000000e+03 1.491128313161824735e+03
5.301500000000000000e+03 1.593288760406461961e+03
5.501500000000000000e+03 1.674072463044107963e+03
5.701500000000000000e+03 2.003553704015519997e+03
5.901500000000000000e+03 2.256014154507439343e+03
6.101500000000000000e+03 2.256222570005992566e+03
6.301500000000000000e+03 2.137329794211220360e+03
6.501500000000000000e+03 2.377983590052726868e+03
6.701500000000000000e+03 2.570660075801261428e+03
6.901500000000000000e+03 2.976893319934130432e+03
7.101500000000000000e+03 3.291148698475451056e+03
7.301500000000000000e+03 3.326669163908051360e+03
7.501500000000000000e+03 2.999563299654719685e+03
7.701500000000000000e+03 3.223183796852137220e+03
7.901500000000000000e+03 3.757250472068367344e+03
8.101500000000000000e+03 4.194447300617930523e+03
8.301500000000000000e+03 4.323576257451255515e+03
8.501500000000000000e+03 4.126234015293973243e+03
8.701500000000000000e+03 4.175062085636558550e+03
8.901500000000000000e+03 4.421037675285663681e+03
9.101500000000000000e+03 4.882274267671856251e+03
9.301500000000000000e+03 5.479781165411264737e+03
9.501500000000000000e+03 5.786900154414790450e+03
9.701500000000000000e+03 5.392560076520918301e+03
9.901500000000000000e+03 5.369013814989996717e+03
1.010150000000000000e+04 5.685013920865220825e+03
1.030150000000000000e+04 6.609686338228635577e+03
1.050150000000000000e+04 6.734744172313742638e+03
1.070150000000000000e+04 6.972447818726538571e+03
1.090150000000000000e+04 6.730516255264506071e+03
1.110150000000000000e+04 6.757902072257787040e+03
1.130150000000000000e+04 7.441650021151215697e+03
1.150150000000000000e+04 8.114677368251605913e+03
1.170150000000000000e+04 8.750751339802014627e+03
1.190150000000000000e+04 8.545033978259682044e+03
1.210150000000000000e+04 7.847763134951519532e+03
1.230150000000000000e+04 1.102822908424916750e+04
