1.015000000000000000e+02 9.372349592780482297e+00
3.015000000000000000e+02 -1.752992820625894232e+00
5.015000000000000000e+02 1.131512236877516342e+00
7.015000000000000000e+02 7.226005162424355976e-01
9.015000000000000000e+02 1.188246976970161739e-01
1.101500000000000000e+03 6.459963691235116601e-01
1.301500000000000000e+03 3.778190763956309484e-01
1.501500000000000000e+03 8.535132317289195747e-01
1.701500000000000000e+03 7.664928400496513472e-01
1.901500000000000000e+03 1.334783476472737096e+00
2.101500000000000000e+03 7.005264103851018831e-01
2.301500000000000000e+03 1.443682682060742684e+00
2.501500000000000000e+03 1.216379728029652663e+00
2.701500000000000000e+03 1.416939859009433977e+00
2.901500000000000000e+03 1.233608232430865037e+00
3.101500000000000000e+03 1.955986735590726555e+00
3.301500000000000000e+03 1.908823008810119459e+00
3.501500000000000000e+03 2.616939373131705437e+00
3.701500000000000000e+03 3.129678932015840687e+00
3.901500000000000000e+03 3.461869700931686111e+00
4.101500000000000000e+03 3.436994668600885205e+00
4.301500000000000000e+03 3.013624504772065560e+00
4.501500000000000000e+03 3.300364714493616791e+00
4.701500000000000000e+03 4.513748804235634182e+00
4.901500000000000000e+03 4.434187327273352075e+00
5.101500000000000000e+03 3.814378670284635842e+00
5.301500000000000000e+03 3.963006740316643128e+00
5.501500000000000000e+03 5.739123802072439773e+00
5.701500000000000000e+03 5.364669646510007439e+00
5.901500000000000000e+03 5.998130349420390139e+00
6.101500000000000000e+03 6.472882548642011180e+00
6.301500000000000000e+03 7.078039936742906768e+00
6.501500000000000000e+03 7.016631765229294437e+00
6.701500000000000000e+03 7.413083385580254259e+00
6.901500000000000000e+03 6.008352171793859497e+00
7.101500000000000000e+03 7.049861609529886941e+00
7.301500000000000000e+03 8.576612671005074517e+00
7.501500000000000000e+03 6.312174375096096135e+00
7.701500000000000000e+03 9.322956788248937698e+00
7.901500000000000000e+03 8.786658866230322218e+00
8.101500000000000000e+03 1.104632638467912820e+01
8.301500000000000000e+03 1.177457208746079154e+01
8.501500000000000000e+03 1.122553520757267442e+01
8.701500000000000000e+03 1.054291446299012236e+01
8.901500000000000000e+03 1.278202071226767167e+01
9.101500000000000000e+03 1.115792422891920666e+01
9.301500000000000000e+03 1.262528619455454582e+01
9.501500000000000000e+03 1.302574265231071848e+01
9.701500000000000000e+03 1.500120185821990937e+01
9.901500000000000000e+03 1.261253442399367053e+01
1.010150000000000000e+04 1.655476906274051530e+01
1.030150000000000000e+04 1.566229022766580137e+01
1.050150000000000000e+04 1.622017485742702902e+01
1.070150000000000000e+04 1.683676171297307178e+01
1.090150000000000000e+04 1.659259261204173441e+01
1.110150000000000000e+04 1.701526600418633350e+01
1.130150000000000000e+04 1.940428814064871688e+01
1.150150000000000000e+04 1.750988463041974441e+01
1.170150000000000000e+04 1.842184152173704703e+01
1.190150000000000000e+04 2.271571277492119378e+01
1.210150000000000000e+04 1.683259212805612037e+01
1.230150000000000000e+04 2.825166057987629387e+01
