1.015000000000000000e+02 5.308486917018811369e+00
3.015000000000000000e+02 -1.823858329703476333e-01
5.015000000000000000e+02 4.042744511413640218e+00
7.015000000000000000e+02 9.045028609423151345e-01
9.015000000000000000e+02 2.040875373723515462e+00
1.101500000000000000e+03 2.441587347132293750e+00
1.301500000000000000e+03 4.005211485672809602e+00
1.501500000000000000e+03 5.557264401572926893e+00
1.701500000000000000e+03 5.519511831642068600e+00
1.901500000000000000e+03 4.838564194767902116e+00
2.101500000000000000e+03 7.322330658964119721e+00
2.301500000000000000e+03 7.660383846867650171e+00
2.501500000000000000e+03 8.935941881523090657e+00
2.701500000000000000e+03 7.175248801382022812e+00
2.901500000000000000e+03 8.402547027902450338e+00
3.101500000000000000e+03 9.220038981994912675e+00
3.301500000000000000e+03 1.003118463840908703e+01
3.501500000000000000e+03 1.292826786118625471e+01
3.701500000000000000e+03 1.071228061450574387e+01
3.901500000000000000e+03 1.114970668690737554e+01
4.101500000000000000e+03 9.780077062127002563e+00
4.301500000000000000e+03 1.030395153702704114e+01
4.501500000000000000e+03 1.180878502271901098e+01
4.701500000000000000e+03 9.750511647669449999e+00
4.901500000000000000e+03 1.107139379026776460e+01
5.101500000000000000e+03 9.941454258265320476e+00
5.301500000000000000e+03 9.296423812956129851e+00
5.501500000000000000e+03 1.395287526279692791e+01
5.701500000000000000e+03 1.264785112591099114e+01
5.901500000000000000e+03 9.534211785294463226e+00
6.101500000000000000e+03 1.179708216916460017e+01
6.301500000000000000e+03 1.202101019556337391e+01
6.501500000000000000e+03 1.173423829093004578e+01
6.701500000000000000e+03 1.125880666104643346e+01
6.901500000000000000e+03 1.241376781835942289e+01
7.101500000000000000e+03 1.127071194668445742e+01
7.301500000000000000e+03 1.100182760706123375e+01
7.501500000000000000e+03 1.042485212321836840e+01
7.701500000000000000e+03 1.051933856145693369e+01
7.901500000000000000e+03 1.033566490400827043e+01
8.101500000000000000e+03 1.089643991321262284e+01
8.301500000000000000e+03 1.145471023094184915e+01
8.501500000000000000e+03 8.163776921577504453e+00
8.701500000000000000e+03 1.201173254874074203e+01
8.901500000000000000e+03 8.092210233802717312e+00
9.101500000000000000e+03 1.048740677070208172e+01
9.301500000000000000e+03 9.658601625496057608e+00
9.501500000000000000e+03 9.900005147576928621e+00
9.701500000000000000e+03 1.102453155759542014e+01
9.901500000000000000e+03 8.960492475307150428e+00
1.010150000000000000e+04 9.873104717182286549e+00
1.030150000000000000e+04 1.073463414876027500e+01
1.050150000000000000e+04 8.315921885523289703e+00
1.070150000000000000e+04 9.085150256106446776e+00
1.090150000000000000e+04 8.169496623170726224e+00
1.110150000000000000e+04 9.058948103086216008e+00
1.130150000000000000e+04 7.870433330812049988e+00
1.150150000000000000e+04 9.521833724552065448e+00
1.170150000000000000e+04 7.675040831576279921e+00
1.190150000000000000e+04 8.397235324726837646e+00
1.210150000000000000e+04 7.813549445788376957e+00
1.230150000000000000e+04 1.132516660440268907e+01
