1.015000000000000000e+02 1.315222314468742215e-01
3.015000000000000000e+02 1.997337256356511936e+00
5.015000000000000000e+02 2.615835030339163758e+00
7.015000000000000000e+02 4.417708306762218484e+00
9.015000000000000000e+02 1.074224452929401252e+01
1.101500000000000000e+03 1.790384766669501460e+01
1.301500000000000000e+03 2.788785278257854117e+01
1.501500000000000000e+03 3.676330550165165789e+01
1.701500000000000000e+03 3.567735117940905099e+01
1.901500000000000000e+03 3.844813583538684298e+01
2.101500000000000000e+03 6.252053934029045479e+01
2.301500000000000000e+03 8.162220286875287911e+01
2.501500000000000000e+03 1.038262505961639022e+02
2.701500000000000000e+03 1.138976778985360596e+02
2.901500000000000000e+03 9.966579053968398227e+01
3.101500000000000000e+03 1.160155314717503501e+02
3.301500000000000000e+03 1.581519286190643356e+02
3.501500000000000000e+03 1.943719795613526173e+02
3.701500000000000000e+03 1.980013554384475754e+02
3.901500000000000000e+03 2.188580941883947446e+02
4.101500000000000000e+03 2.148247790861832982e+02
4.301500000000000000e+03 2.189204079077330789e+02
4.501500000000000000e+03 3.008750478709684444e+02
4.701500000000000000e+03 3.696316398734811628e+02
4.901500000000000000e+03 3.516417429270863408e+02
5.101500000000000000e+03 3.500842384628594459e+02
5.301500000000000000e+03 3.596366675364482148e+02
5.501500000000000000e+03 3.934870997792801859e+02
5.701500000000000000e+03 4.812930368111964299e+02
5.901500000000000000e+03 5.452801783993008939e+02
6.101500000000000000e+03 5.320536560290544230e+02
6.301500000000000000e+03 5.008008390496571565e+02
6.501500000000000000e+03 5.535842709489352274e+02
6.701500000000000000e+03 6.030066455263890930e+02
6.901500000000000000e+03 7.162876462355834519e+02
7.101500000000000000e+03 7.893420861386581464e+02
7.301500000000000000e+03 7.840356463919725911e+02
7.501500000000000000e+03 6.973795652939105594e+02
7.701500000000000000e+03 7.447771119542522911e+02
7.901500000000000000e+03 8.846851715771267664e+02
8.101500000000000000e+03 1.010373304157316397e+03
8.301500000000000000e+03 1.031390686193580450e+03
8.501500000000000000e+03 9.660171281179345897e+02
8.701500000000000000e+03 9.770563707627045460e+02
8.901500000000000000e+03 1.045675568619799378e+03
9.101500000000000000e+03 1.158705039727896974e+03
9.301500000000000000e+03 1.317953214597982878e+03
9.501500000000000000e+03 1.372132785272262254e+03
9.701500000000000000e+03 1.264569597991074488e+03
9.901500000000000000e+03 1.229634233375397116e+03
1.010150000000000000e+04 1.341769741254333894e+03
1.030150000000000000e+04 1.582350884503241559e+03
1.050150000000000000e+04 1.613726492972888991e+03
1.070150000000000000e+04 1.657264754800193259e+03
1.090150000000000000e+04 1.561143768867143990e+03
1.110150000000000000e+04 1.584257741383534494e+03
1.130150000000000000e+04 1.780222376156213386e+03
1.150150000000000000e+04 1.927192378158229303e+03
1.170150000000000000e+04 2.081169174405497415e+03
1.190150000000000000e+04 2.033977328761013268e+03
1.210150000000000000e+04 1.826661666254580268e+03
1.230150000000000000e+04 2.562222676641746602e+03
