1.015000000000000000e+02 6.119253599212844108e+01
3.015000000000000000e+02 -1.098970416880645473e+01
5.015000000000000000e+02 7.559151839890995817e+00
7.015000000000000000e+02 5.141425793041625170e+00
9.015000000000000000e+02 1.040598736722788242e+00
1.101500000000000000e+03 3.712182898363698857e+00
1.301500000000000000e+03 3.015027146382245782e+00
1.501500000000000000e+03 5.688492339945860898e+00
1.701500000000000000e+03 5.522186554037831208e+00
1.901500000000000000e+03 8.959541976702400490e+00
2.101500000000000000e+03 4.481698088178858619e+00
2.301500000000000000e+03 9.598025754658117137e+00
2.501500000000000000e+03 8.538551593808845652e+00
2.701500000000000000e+03 9.604713276396322996e+00
2.901500000000000000e+03 8.891869175204515585e+00
3.101500000000000000e+03 1.320382144579988903e+01
3.301500000000000000e+03 1.240437120782730140e+01
3.501500000000000000e+03 1.719730811250164493e+01
3.701500000000000000e+03 2.169229016646318087e+01
3.901500000000000000e+03 2.302011934080422506e+01
4.101500000000000000e+03 2.262233302819998570e+01
4.301500000000000000e+03 2.095515000060500199e+01
4.501500000000000000e+03 2.332574759588689162e+01
4.701500000000000000e+03 2.871755902259192084e+01
4.901500000000000000e+03 3.147654418383883268e+01
5.101500000000000000e+03 2.596365220731220091e+01
5.301500000000000000e+03 2.652410169550541852e+01
5.501500000000000000e+03 3.548878230773854625e+01
5.701500000000000000e+03 3.769025625004376678e+01
5.901500000000000000e+03 4.020760814441538145e+01
6.101500000000000000e+03 4.576044307780026799e+01
6.301500000000000000e+03 4.731799952009318844e+01
6.501500000000000000e+03 4.727954634760123298e+01
6.701500000000000000e+03 5.310776203108411408e+01
6.901500000000000000e+03 4.100675832558916056e+01
7.101500000000000000e+03 4.742382969631914591e+01
7.301500000000000000e+03 5.969348517300259971e+01
7.501500000000000000e+03 4.245900883243715640e+01
7.701500000000000000e+03 6.280721623111637797e+01
7.901500000000000000e+03 6.291729717490620999e+01
8.101500000000000000e+03 7.340610858411629636e+01
8.301500000000000000e+03 7.817960758463583204e+01
8.501500000000000000e+03 7.656619192972358690e+01
8.701500000000000000e+03 7.411024117111197995e+01
8.901500000000000000e+03 8.700111797047431139e+01
9.101500000000000000e+03 7.469129349042796662e+01
9.301500000000000000e+03 8.834386104575956722e+01
9.501500000000000000e+03 9.222389511012093521e+01
9.701500000000000000e+03 1.054199390886473111e+02
9.901500000000000000e+03 8.449193710386522582e+01
1.010150000000000000e+04 1.081837016379524670e+02
1.030150000000000000e+04 1.050475258924506363e+02
1.050150000000000000e+04 1.140462989869346870e+02
1.070150000000000000e+04 1.112137396719615197e+02
1.090150000000000000e+04 1.151814191205116202e+02
1.110150000000000000e+04 1.129117964324541106e+02
1.130150000000000000e+04 1.325271487178943630e+02
1.150150000000000000e+04 1.189137808358911599e+02
1.170150000000000000e+04 1.272434043010680114e+02
1.190150000000000000e+04 1.561088734809653147e+02
1.210150000000000000e+04 1.161479239035625000e+02
1.230150000000000000e+04 1.832556107519088187e+02
