1.015000000000000000e+02 1.991456316542978833e+00
3.015000000000000000e+02 -6.842127375503739839e-02
5.015000000000000000e+02 1.516618448048748791e+00
7.015000000000000000e+02 3.393204000957583122e-01
9.015000000000000000e+02 7.656257210652701595e-01
1.101500000000000000e+03 9.159511285105028655e-01
1.301500000000000000e+03 1.502538077951393491e+00
1.501500000000000000e+03 2.084784142650354166e+00
1.701500000000000000e+03 2.070621413920608944e+00
1.901500000000000000e+03 1.815166794834806252e+00
2.101500000000000000e+03 2.746941237232981781e+00
2.301500000000000000e+03 2.873760454770071693e+00
2.501500000000000000e+03 3.352280636397254376e+00
2.701500000000000000e+03 2.691764097557941771e+00
2.901500000000000000e+03 3.152179827981978821e+00
3.101500000000000000e+03 3.458858461780730309e+00
3.301500000000000000e+03 3.763156323103597156e+00
3.501500000000000000e+03 4.849984772806476663e+00
3.701500000000000000e+03 4.018666554682289949e+00
3.901500000000000000e+03 4.182765116166573982e+00
4.101500000000000000e+03 3.668954367689503115e+00
4.301500000000000000e+03 3.865483669158523483e+00
4.501500000000000000e+03 4.430015551664419959e+00
4.701500000000000000e+03 3.657862942526059147e+00
4.901500000000000000e+03 4.153386387590518147e+00
5.101500000000000000e+03 3.729494312946689316e+00
5.301500000000000000e+03 3.487513916677410730e+00
5.501500000000000000e+03 5.234361861416439332e+00
5.701500000000000000e+03 4.744787635415184113e+00
5.901500000000000000e+03 3.576719088843346217e+00
6.101500000000000000e+03 4.425625243865041192e+00
6.301500000000000000e+03 4.509630945491032605e+00
6.501500000000000000e+03 4.402049616405407484e+00
6.701500000000000000e+03 4.223693509588661854e+00
6.901500000000000000e+03 4.656972258851734381e+00
7.101500000000000000e+03 4.228159766233727801e+00
7.301500000000000000e+03 4.127288879234907171e+00
7.501500000000000000e+03 3.910838999412972417e+00
7.701500000000000000e+03 3.946285135302414204e+00
7.901500000000000000e+03 3.877380779553528889e+00
8.101500000000000000e+03 4.087753119870766838e+00
8.301500000000000000e+03 4.297185894204813117e+00
8.501500000000000000e+03 3.062606217847199996e+00
8.701500000000000000e+03 4.506150490955787902e+00
8.901500000000000000e+03 3.035758327274312496e+00
9.101500000000000000e+03 3.934306086755638532e+00
9.301500000000000000e+03 3.623383427639380372e+00
9.501500000000000000e+03 3.713944879776903019e+00
9.701500000000000000e+03 4.135806226110217310e+00
9.901500000000000000e+03 3.361490692443867445e+00
1.010150000000000000e+04 3.703853337063894191e+00
1.030150000000000000e+04 4.027052393438875555e+00
1.050150000000000000e+04 3.119682778107845333e+00
1.070150000000000000e+04 3.408255600169771693e+00
1.090150000000000000e+04 3.064751967581879288e+00
1.110150000000000000e+04 3.398425893556543009e+00
1.130150000000000000e+04 2.952559640904566240e+00
1.150150000000000000e+04 3.572075397315304102e+00
1.170150000000000000e+04 2.879259021716916500e+00
1.190150000000000000e+04 3.150187259432796871e+00
1.210150000000000000e+04 2.931219872468123100e+00
1.230150000000000000e+04 4.248588134508580083e+00
