1.015000000000000000e+02 4.279658392562455447e+02
3.015000000000000000e+02 -7.856656414501442498e+01
5.015000000000000000e+02 5.207144593167163293e+01
7.015000000000000000e+02 3.312310332267490764e+01
9.015000000000000000e+02 8.709090640226410329e+00
1.101500000000000000e+03 2.708441510989882772e+01
1.301500000000000000e+03 1.804875440315764479e+01
1.501500000000000000e+03 4.132787756866966333e+01
1.701500000000000000e+03 3.952015885557449337e+01
1.901500000000000000e+03 6.404445113411443913e+01
2.101500000000000000e+03 3.152465025987737235e+01
2.301500000000000000e+03 6.776710667701655666e+01
2.501500000000000000e+03 6.004664544730675857e+01
2.701500000000000000e+03 7.030431469556585000e+01
2.901500000000000000e+03 6.346919134678054064e+01
3.101500000000000000e+03 9.415981956339456360e+01
3.301500000000000000e+03 9.587246708580087784e+01
3.501500000000000000e+03 1.224014280417980558e+02
3.701500000000000000e+03 1.543145967252381467e+02
3.901500000000000000e+03 1.645037124279648708e+02
4.101500000000000000e+03 1.587216060025000957e+02
4.301500000000000000e+03 1.454183325083218676e+02
4.501500000000000000e+03 1.664423549147688846e+02
4.701500000000000000e+03 2.145414112623877827e+02
4.901500000000000000e+03 2.327022879838861513e+02
5.101500000000000000e+03 1.901590120373311663e+02
5.301500000000000000e+03 1.854203176247103784e+02
5.501500000000000000e+03 2.723776590701716032e+02
5.701500000000000000e+03 2.766798441218471112e+02
5.901500000000000000e+03 2.779581267153505451e+02
6.101500000000000000e+03 3.370127366756809693e+02
6.301500000000000000e+03 3.028383661567249305e+02
6.501500000000000000e+03 3.558861910087634328e+02
6.701500000000000000e+03 3.744040127267865614e+02
6.901500000000000000e+03 3.017873585477272513e+02
7.101500000000000000e+03 3.491437180204350170e+02
7.301500000000000000e+03 4.349542066065540666e+02
7.501500000000000000e+03 3.115840897071242921e+02
7.701500000000000000e+03 4.479003012944054376e+02
7.901500000000000000e+03 4.411771050053938552e+02
8.101500000000000000e+03 5.048419035125765504e+02
8.301500000000000000e+03 5.627978070133018491e+02
8.501500000000000000e+03 5.257704136300100117e+02
8.701500000000000000e+03 5.375853664444912283e+02
8.901500000000000000e+03 6.102748280360480067e+02
9.101500000000000000e+03 5.453004727726852252e+02
9.301500000000000000e+03 6.274362586535862647e+02
9.501500000000000000e+03 6.444007228093507820e+02
9.701500000000000000e+03 7.229981293159419238e+02
9.901500000000000000e+03 6.184227252712604468e+02
1.010150000000000000e+04 7.899472130479589396e+02
1.030150000000000000e+04 7.546189434583886850e+02
1.050150000000000000e+04 8.126118118168201363e+02
1.070150000000000000e+04 8.025458058066916465e+02
1.090150000000000000e+04 7.953020413803180872e+02
1.110150000000000000e+04 8.487035179181331159e+02
1.130150000000000000e+04 9.457965851432454656e+02
1.150150000000000000e+04 8.060028202930884618e+02
1.170150000000000000e+04 9.306249103515457364e+02
1.190150000000000000e+04 1.070917656054532017e+03
1.210150000000000000e+04 8.497527158331415649e+02
1.230150000000000000e+04 1.323160278781955867e+03
