1.015000000000000000e+02 1.031514473170311178e-03
3.015000000000000000e+02 -3.544016321773031924e-05
5.015000000000000000e+02 7.855627383609860249e-04
7.015000000000000000e+02 1.757577614601540364e-04
9.015000000000000000e+02 3.965710974134860453e-04
1.101500000000000000e+03 4.744351349547027883e-04
1.301500000000000000e+03 7.782695400238650880e-04
1.501500000000000000e+03 1.079855488954492571e-03
1.701500000000000000e+03 1.072519622824076027e-03
1.901500000000000000e+03 9.402018103946606581e-04
2.101500000000000000e+03 1.422832947572754162e-03
2.301500000000000000e+03 1.488521494157528293e-03
2.501500000000000000e+03 1.736380547773024897e-03
2.701500000000000000e+03 1.394252850830511852e-03
2.901500000000000000e+03 1.632734365381188248e-03
3.101500000000000000e+03 1.791584663563348294e-03
3.301500000000000000e+03 1.949201792915661530e-03
3.501500000000000000e+03 2.512146254899814621e-03
3.701500000000000000e+03 2.081548416036489452e-03
3.901500000000000000e+03 2.166546520398670867e-03
4.101500000000000000e+03 1.900408016737040271e-03
4.301500000000000000e+03 2.002204278973818054e-03
4.501500000000000000e+03 2.294614833597411526e-03
4.701500000000000000e+03 1.894663044781294981e-03
4.901500000000000000e+03 2.151329237898693802e-03
5.101500000000000000e+03 1.931765909422072588e-03
5.301500000000000000e+03 1.806427332226176463e-03
5.501500000000000000e+03 2.711242047423457514e-03
5.701500000000000000e+03 2.457657314547640783e-03
5.901500000000000000e+03 1.852632935763920885e-03
6.101500000000000000e+03 2.292340803245750645e-03
6.301500000000000000e+03 2.335853209362793309e-03
6.501500000000000000e+03 2.280129358171103550e-03
6.701500000000000000e+03 2.187746221429317118e-03
6.901500000000000000e+03 2.412171575144528204e-03
7.101500000000000000e+03 2.190059608130890973e-03
7.301500000000000000e+03 2.137811550649297305e-03
7.501500000000000000e+03 2.025697024745905326e-03
7.701500000000000000e+03 2.044057046513137691e-03
7.901500000000000000e+03 2.008366654059978631e-03
8.101500000000000000e+03 2.117333209880292721e-03
8.301500000000000000e+03 2.225813084868794381e-03
8.501500000000000000e+03 1.586337915813239427e-03
8.701500000000000000e+03 2.334050433514309360e-03
8.901500000000000000e+03 1.572431498036866090e-03
9.101500000000000000e+03 2.037852252938205690e-03
9.301500000000000000e+03 1.876803654908684596e-03
9.501500000000000000e+03 1.923711786808339225e-03
9.701500000000000000e+03 2.142223272234590730e-03
9.901500000000000000e+03 1.741151069876219421e-03
1.010150000000000000e+04 1.918484635677307048e-03
1.030150000000000000e+04 2.085892044508960534e-03
1.050150000000000000e+04 1.615901872577074931e-03
1.070150000000000000e+04 1.765373907632726341e-03
1.090150000000000000e+04 1.587449317450962327e-03
1.110150000000000000e+04 1.760282450999565117e-03
1.130150000000000000e+04 1.529337080697394484e-03
1.150150000000000000e+04 1.850227679531885050e-03
1.170150000000000000e+04 1.491369549617045437e-03
1.190150000000000000e+04 1.631702286141594859e-03
1.210150000000000000e+04 1.518283742852789310e-03
1.230150000000000000e+04 2.200640894469964477e-03
