1.015000000000000000e+02 5.997742265604501938e-02
3.015000000000000000e+02 9.838834315856544999e-01
5.015000000000000000e+02 1.202361548019077686e+00
7.015000000000000000e+02 1.847079490628610987e+00
9.015000000000000000e+02 4.960115582048328697e+00
1.101500000000000000e+03 8.685227554466599997e+00
1.301500000000000000e+03 1.301291443121330005e+01
1.501500000000000000e+03 1.764933512023269913e+01
1.701500000000000000e+03 1.654577191656284185e+01
1.901500000000000000e+03 1.689943636366930590e+01
2.101500000000000000e+03 2.910244115853184255e+01
2.301500000000000000e+03 3.871102560283503635e+01
2.501500000000000000e+03 5.053651262913220421e+01
2.701500000000000000e+03 5.308685948097674867e+01
2.901500000000000000e+03 4.523227216449322441e+01
3.101500000000000000e+03 5.303565348144748981e+01
3.301500000000000000e+03 7.362135882098978357e+01
3.501500000000000000e+03 9.313105403511519853e+01
3.701500000000000000e+03 9.316537402771602672e+01
3.901500000000000000e+03 1.021861878611001799e+02
4.101500000000000000e+03 9.970897295838585705e+01
4.301500000000000000e+03 9.941619029562906462e+01
4.501500000000000000e+03 1.421477115642033766e+02
4.701500000000000000e+03 1.755824526423907912e+02
4.901500000000000000e+03 1.678418306014622772e+02
5.101500000000000000e+03 1.620573956274091358e+02
5.301500000000000000e+03 1.621319509930667380e+02
5.501500000000000000e+03 1.834011055411295388e+02
5.701500000000000000e+03 2.270447038956189374e+02
5.901500000000000000e+03 2.595849042804497913e+02
6.101500000000000000e+03 2.486232765285294875e+02
6.301500000000000000e+03 2.313737453332666405e+02
6.501500000000000000e+03 2.553437342099973932e+02
6.701500000000000000e+03 2.795666007954666838e+02
6.901500000000000000e+03 3.408767405327550364e+02
7.101500000000000000e+03 3.740911913853365149e+02
7.301500000000000000e+03 3.683413840190139013e+02
7.501500000000000000e+03 3.194103235224510513e+02
7.701500000000000000e+03 3.394440105072005167e+02
7.901500000000000000e+03 4.145920913536715489e+02
8.101500000000000000e+03 4.791830900838071443e+02
8.301500000000000000e+03 4.861702624619290418e+02
8.501500000000000000e+03 4.472536250268894946e+02
8.701500000000000000e+03 4.527603844051696456e+02
8.901500000000000000e+03 4.868978154748057818e+02
9.101500000000000000e+03 5.412574321400797999e+02
9.301500000000000000e+03 6.276509805367204535e+02
9.501500000000000000e+03 6.449291859614315854e+02
9.701500000000000000e+03 5.870828501251388616e+02
9.901500000000000000e+03 5.606282876514827649e+02
1.010150000000000000e+04 6.207249932935027346e+02
1.030150000000000000e+04 7.493936195886822134e+02
1.050150000000000000e+04 7.605773919000705519e+02
1.070150000000000000e+04 7.804741238916261636e+02
1.090150000000000000e+04 7.165620659686940144e+02
1.110150000000000000e+04 7.330187836050176884e+02
1.130150000000000000e+04 8.409231651416827162e+02
1.150150000000000000e+04 9.019092389869288127e+02
1.170150000000000000e+04 9.824143710167431891e+02
1.190150000000000000e+04 9.552625257889194472e+02
1.210150000000000000e+04 8.402067244040986225e+02
1.230150000000000000e+04 1.179747079575597127e+03
