1.015000000000000000e+02 1.882213562010438324e+00
3.015000000000000000e+02 -6.466797581848093834e-02
5.015000000000000000e+02 1.433423261348430122e+00
7.015000000000000000e+02 3.207067427824942807e-01
9.015000000000000000e+02 7.236267757466653405e-01
1.101500000000000000e+03 8.657059754889433467e-01
1.301500000000000000e+03 1.420115292095820658e+00
1.501500000000000000e+03 1.970421827677762749e+00
1.701500000000000000e+03 1.957036016047724480e+00
1.901500000000000000e+03 1.715594546346418392e+00
2.101500000000000000e+03 2.596255818245225999e+00
2.301500000000000000e+03 2.716118296153315903e+00
2.501500000000000000e+03 3.168388908943768900e+00
2.701500000000000000e+03 2.544105485399999367e+00
2.901500000000000000e+03 2.979264773404732392e+00
3.101500000000000000e+03 3.269120343075178070e+00
3.301500000000000000e+03 3.556725732263087192e+00
3.501500000000000000e+03 4.583935442987876030e+00
3.701500000000000000e+03 3.798219753216518502e+00
3.901500000000000000e+03 3.953316544250759179e+00
4.101500000000000000e+03 3.467691286627410552e+00
4.301500000000000000e+03 3.653439831308543440e+00
4.501500000000000000e+03 4.187003921111917215e+00
4.701500000000000000e+03 3.457208323077514134e+00
4.901500000000000000e+03 3.925549457395710373e+00
5.101500000000000000e+03 3.524910284998092891e+00
5.301500000000000000e+03 3.296203861176529415e+00
5.501500000000000000e+03 4.947227234871134804e+00
5.701500000000000000e+03 4.484508974639850543e+00
5.901500000000000000e+03 3.380515655859606117e+00
6.101500000000000000e+03 4.182854373531801784e+00
6.301500000000000000e+03 4.262251968357651855e+00
6.501500000000000000e+03 4.160572094025045686e+00
6.701500000000000000e+03 3.991999833867295955e+00
6.901500000000000000e+03 4.401510717564621977e+00
7.101500000000000000e+03 3.996221101536418185e+00
7.301500000000000000e+03 3.900883530415406586e+00
7.501500000000000000e+03 3.696307133689569646e+00
7.701500000000000000e+03 3.729808887543072604e+00
7.901500000000000000e+03 3.664684369466113090e+00
8.101500000000000000e+03 3.863516538549833790e+00
8.301500000000000000e+03 4.061460746808214672e+00
8.501500000000000000e+03 2.894604735611669533e+00
8.701500000000000000e+03 4.258962449747396128e+00
8.901500000000000000e+03 2.869229651177128915e+00
9.101500000000000000e+03 3.718486952341307994e+00
9.301500000000000000e+03 3.424620123020269080e+00
9.501500000000000000e+03 3.510213828397830582e+00
9.701500000000000000e+03 3.908933645549181879e+00
9.901500000000000000e+03 3.177093738410901480e+00
1.010150000000000000e+04 3.500675883977652614e+00
1.030150000000000000e+04 3.806145572437397373e+00
1.050150000000000000e+04 2.948550395995303219e+00
1.070150000000000000e+04 3.221293252979237742e+00
1.090150000000000000e+04 2.896632795754047418e+00
1.110150000000000000e+04 3.212002865647368033e+00
1.130150000000000000e+04 2.790594912985502329e+00
1.150150000000000000e+04 3.376126689891261634e+00
1.170150000000000000e+04 2.721315226917998320e+00
1.190150000000000000e+04 2.977381505731128364e+00
1.210150000000000000e+04 2.770425737866734295e+00
1.230150000000000000e+04 4.015528798336436722e+00
