1.015000000000000000e+02 5.515251751067400815e-02
3.015000000000000000e+02 9.156883844216631152e-01
5.015000000000000000e+02 1.079397198505315014e+00
7.015000000000000000e+02 1.567261288877813241e+00
9.015000000000000000e+02 4.461839489081959265e+00
1.101500000000000000e+03 8.014196918836292483e+00
1.301500000000000000e+03 1.170845784063112660e+01
1.501500000000000000e+03 1.627234266438026111e+01
1.701500000000000000e+03 1.491547998813448750e+01
1.901500000000000000e+03 1.471509767860094620e+01
2.101500000000000000e+03 2.639060681338535019e+01
2.301500000000000000e+03 3.521855341303594855e+01
2.501500000000000000e+03 4.688090102695853290e+01
2.701500000000000000e+03 4.803754075064708928e+01
2.901500000000000000e+03 4.034713824551850792e+01
3.101500000000000000e+03 4.744727982352813456e+01
3.301500000000000000e+03 6.638462337691359494e+01
3.501500000000000000e+03 8.564539208504091050e+01
3.701500000000000000e+03 8.422678430661306948e+01
3.901500000000000000e+03 9.247114833562515912e+01
4.101500000000000000e+03 9.025933361982154679e+01
4.301500000000000000e+03 8.838094713679213044e+01
4.501500000000000000e+03 1.295024674338669399e+02
4.701500000000000000e+03 1.603901907551272927e+02
4.901500000000000000e+03 1.541079008138717370e+02
5.101500000000000000e+03 1.455183978812233647e+02
5.301500000000000000e+03 1.438673884664571005e+02
5.501500000000000000e+03 1.662133414586883191e+02
5.701500000000000000e+03 2.059762804340917057e+02
5.901500000000000000e+03 2.372750266210884149e+02
6.101500000000000000e+03 2.248507118436015162e+02
6.301500000000000000e+03 2.079017660554937663e+02
6.501500000000000000e+03 2.296139370995863089e+02
6.701500000000000000e+03 2.516789276922582417e+02
6.901500000000000000e+03 3.120840630202204693e+02
7.101500000000000000e+03 3.407359429977686887e+02
7.301500000000000000e+03 3.353900968803041565e+02
7.501500000000000000e+03 2.852496515729827706e+02
7.701500000000000000e+03 3.019341242308420874e+02
7.901500000000000000e+03 3.768008797857572745e+02
8.101500000000000000e+03 4.363345043042548923e+02
8.301500000000000000e+03 4.419305797406158263e+02
8.501500000000000000e+03 4.023449045141566671e+02
8.701500000000000000e+03 4.082928458125325051e+02
8.901500000000000000e+03 4.396169661969823323e+02
9.101500000000000000e+03 4.884733903667843151e+02
9.301500000000000000e+03 5.750786726631328065e+02
9.501500000000000000e+03 5.848486205595231695e+02
9.701500000000000000e+03 5.294708248570219666e+02
9.901500000000000000e+03 5.010421375243886928e+02
1.010150000000000000e+04 5.562564282604363370e+02
1.030150000000000000e+04 6.838367641049560461e+02
1.050150000000000000e+04 6.901957534695345657e+02
1.070150000000000000e+04 7.098123540020754945e+02
1.090150000000000000e+04 6.410445158879032306e+02
1.110150000000000000e+04 6.596730578169750743e+02
1.130150000000000000e+04 7.671680890983330983e+02
1.150150000000000000e+04 8.141241211818210104e+02
1.170150000000000000e+04 8.949314982334238948e+02
1.190150000000000000e+04 8.667714738908638310e+02
1.210150000000000000e+04 7.526454132590910149e+02
1.230150000000000000e+04 1.058622878781874306e+03
