1.015000000000000000e+02 1.954732203641720844e+03
3.015000000000000000e+02 -3.484220418330323241e+02
5.015000000000000000e+02 2.199773482263418316e+02
7.015000000000000000e+02 1.562453680284678512e+02
9.015000000000000000e+02 3.754846731319693731e+01
1.101500000000000000e+03 1.166415432066300752e+02
1.301500000000000000e+03 7.553484001513581347e+01
1.501500000000000000e+03 1.855899019488628880e+02
1.701500000000000000e+03 1.887377967302704747e+02
1.901500000000000000e+03 3.008283314658618224e+02
2.101500000000000000e+03 1.487468714598483075e+02
2.301500000000000000e+03 3.289306232166842392e+02
2.501500000000000000e+03 2.730446230183360399e+02
2.701500000000000000e+03 3.177882553298257449e+02
2.901500000000000000e+03 2.979531010926258432e+02
3.101500000000000000e+03 4.624406489532506157e+02
3.301500000000000000e+03 4.452509924201020794e+02
3.501500000000000000e+03 5.751559443454706297e+02
3.701500000000000000e+03 7.648530704833112850e+02
3.901500000000000000e+03 7.453689627584083155e+02
4.101500000000000000e+03 7.435287602476757911e+02
4.301500000000000000e+03 6.950849204295434447e+02
4.501500000000000000e+03 7.999536979324620916e+02
4.701500000000000000e+03 1.021118714619594130e+03
4.901500000000000000e+03 1.035919841078718264e+03
5.101500000000000000e+03 9.625009910062541394e+02
5.301500000000000000e+03 9.210043880887075147e+02
5.501500000000000000e+03 1.334371261782120428e+03
5.701500000000000000e+03 1.226951161155981708e+03
5.901500000000000000e+03 1.428129674408324945e+03
6.101500000000000000e+03 1.577130058874784027e+03
6.301500000000000000e+03 1.575767953596576717e+03
6.501500000000000000e+03 1.637952897069783830e+03
6.701500000000000000e+03 1.756242198822066484e+03
6.901500000000000000e+03 1.438603335934447614e+03
7.101500000000000000e+03 1.660504240146420216e+03
7.301500000000000000e+03 2.102468305653434982e+03
7.501500000000000000e+03 1.459135939664864964e+03
7.701500000000000000e+03 2.151434885595469041e+03
7.901500000000000000e+03 2.095906038329632793e+03
8.101500000000000000e+03 2.609325773268798912e+03
8.301500000000000000e+03 2.660313268416477513e+03
8.501500000000000000e+03 2.533886328019767461e+03
8.701500000000000000e+03 2.620177713121102897e+03
8.901500000000000000e+03 2.898815254281175839e+03
9.101500000000000000e+03 2.558987114988387020e+03
9.301500000000000000e+03 3.170354365405255521e+03
9.501500000000000000e+03 2.987858214502606643e+03
9.701500000000000000e+03 3.392563516633821109e+03
9.901500000000000000e+03 2.903090610559158904e+03
1.010150000000000000e+04 3.776542810227634163e+03
1.030150000000000000e+04 3.578967652343807003e+03
1.050150000000000000e+04 3.948874167052947541e+03
1.070150000000000000e+04 3.782569562095756737e+03
1.090150000000000000e+04 3.852765610161659879e+03
1.110150000000000000e+04 3.923554478123178342e+03
1.130150000000000000e+04 4.521973839813221275e+03
1.150150000000000000e+04 4.001698054110002431e+03
1.170150000000000000e+04 4.330944536067900117e+03
1.190150000000000000e+04 5.246831264991391436e+03
1.210150000000000000e+04 4.053652673277235863e+03
1.230150000000000000e+04 6.287828488103767086e+03
