1.015000000000000000e+02 1.312053123338504702e+04
3.015000000000000000e+02 -2.350902439905610663e+03
5.015000000000000000e+02 1.523451219674019512e+03
7.015000000000000000e+02 9.581344582898802855e+02
9.015000000000000000e+02 3.640858761657859759e+02
1.101500000000000000e+03 6.684489608986879148e+02
1.301500000000000000e+03 6.056537178751754027e+02
1.501500000000000000e+03 1.339936935186951587e+03
1.701500000000000000e+03 1.369745917432641136e+03
1.901500000000000000e+03 1.997368314854561731e+03
2.101500000000000000e+03 1.080230800911699134e+03
2.301500000000000000e+03 2.188069924757501212e+03
2.501500000000000000e+03 2.099298173036479056e+03
2.701500000000000000e+03 2.334188110627210790e+03
2.901500000000000000e+03 2.206698501439759184e+03
3.101500000000000000e+03 3.180278156177435903e+03
3.301500000000000000e+03 3.204853274884809707e+03
3.501500000000000000e+03 4.209537409893929180e+03
3.701500000000000000e+03 5.125215011803582456e+03
3.901500000000000000e+03 5.758946443344276304e+03
4.101500000000000000e+03 5.163990285453057368e+03
4.301500000000000000e+03 4.808708822673032955e+03
4.501500000000000000e+03 5.806666712694158377e+03
4.701500000000000000e+03 6.868573405205053859e+03
4.901500000000000000e+03 7.256645338650669146e+03
5.101500000000000000e+03 6.694934722146501372e+03
5.301500000000000000e+03 6.342798172793816775e+03
5.501500000000000000e+03 9.627633838960515277e+03
5.701500000000000000e+03 8.497475466876459905e+03
5.901500000000000000e+03 9.815749181528810368e+03
6.101500000000000000e+03 1.107996415770267595e+04
6.301500000000000000e+03 1.110887217166937080e+04
6.501500000000000000e+03 1.224425116746290769e+04
6.701500000000000000e+03 1.282885746647295491e+04
6.901500000000000000e+03 1.056231201319449974e+04
7.101500000000000000e+03 1.196467005224334935e+04
7.301500000000000000e+03 1.493799668365036632e+04
7.501500000000000000e+03 9.752445593826545519e+03
7.701500000000000000e+03 1.488186651815128607e+04
7.901500000000000000e+03 1.556461484221471073e+04
8.101500000000000000e+03 1.819956761903754887e+04
8.301500000000000000e+03 1.982544344577010997e+04
8.501500000000000000e+03 1.804659907162892705e+04
8.701500000000000000e+03 1.822663666901064425e+04
8.901500000000000000e+03 2.069401740370477273e+04
9.101500000000000000e+03 1.826992717856208037e+04
9.301500000000000000e+03 2.244083537262787650e+04
9.501500000000000000e+03 2.172704816547402515e+04
9.701500000000000000e+03 2.495115668036124407e+04
9.901500000000000000e+03 2.167214349874918116e+04
1.010150000000000000e+04 2.683767018852282126e+04
1.030150000000000000e+04 2.516955312586985747e+04
1.050150000000000000e+04 2.845345556480751475e+04
1.070150000000000000e+04 2.728623898619029569e+04
1.090150000000000000e+04 2.656699505280253288e+04
1.110150000000000000e+04 2.911600817062591159e+04
1.130150000000000000e+04 3.318381617406867008e+04
1.150150000000000000e+04 2.800708086737922349e+04
1.170150000000000000e+04 3.180149283045474658e+04
1.190150000000000000e+04 3.893841924714572815e+04
1.210150000000000000e+04 2.995440275701502105e+04
1.230150000000000000e+04 4.528423175696601538e+04
