1.015000000000000000e+02 7.882654940093992979e-02
3.015000000000000000e+02 1.293174507561374309e+00
5.015000000000000000e+02 1.495994069764577494e+00
7.015000000000000000e+02 2.071923603903515154e+00
9.015000000000000000e+02 6.160888679880869745e+00
1.101500000000000000e+03 1.128903763027410712e+01
1.301500000000000000e+03 1.602234832500786155e+01
1.501500000000000000e+03 2.297987784753534513e+01
1.701500000000000000e+03 2.065123770284500537e+01
1.901500000000000000e+03 1.975745218933828440e+01
2.101500000000000000e+03 3.679413793424871670e+01
2.301500000000000000e+03 4.882240752931763694e+01
2.501500000000000000e+03 6.645509078221526522e+01
2.701500000000000000e+03 6.652972525937417458e+01
2.901500000000000000e+03 5.552760505133801416e+01
3.101500000000000000e+03 6.532711085059538902e+01
3.301500000000000000e+03 9.152188126327942541e+01
3.501500000000000000e+03 1.204932055077724584e+02
3.701500000000000000e+03 1.160217615817049648e+02
3.901500000000000000e+03 1.282435800978539646e+02
4.101500000000000000e+03 1.258147603388115954e+02
4.301500000000000000e+03 1.207293426922839927e+02
4.501500000000000000e+03 1.806580697593808793e+02
4.701500000000000000e+03 2.235780162046567625e+02
4.901500000000000000e+03 2.168536639442998251e+02
5.101500000000000000e+03 1.998453891551180277e+02
5.301500000000000000e+03 1.964280291983609175e+02
5.501500000000000000e+03 2.316696260483002163e+02
5.701500000000000000e+03 2.850282057050292792e+02
5.901500000000000000e+03 3.314462639108204485e+02
6.101500000000000000e+03 3.110517573055241769e+02
6.301500000000000000e+03 2.865465100879475813e+02
6.501500000000000000e+03 3.172084327821432908e+02
6.701500000000000000e+03 3.471018698686511925e+02
6.901500000000000000e+03 4.373589390728739659e+02
7.101500000000000000e+03 4.734478131203252360e+02
7.301500000000000000e+03 4.686484869122700161e+02
7.501500000000000000e+03 3.907061298485606926e+02
7.701500000000000000e+03 4.113628674343602256e+02
7.901500000000000000e+03 5.256342731080758313e+02
8.101500000000000000e+03 6.059273401339987686e+02
8.301500000000000000e+03 6.143729017057212332e+02
8.501500000000000000e+03 5.545882036579471333e+02
8.701500000000000000e+03 5.654654856189467864e+02
8.901500000000000000e+03 6.086429183861787351e+02
9.101500000000000000e+03 6.734792992693128326e+02
9.301500000000000000e+03 8.065244876334377295e+02
9.501500000000000000e+03 8.099267241722183144e+02
9.701500000000000000e+03 7.322097036302146762e+02
9.901500000000000000e+03 6.889897680275661287e+02
1.010150000000000000e+04 7.616542961924160409e+02
1.030150000000000000e+04 9.549335886325350202e+02
1.050150000000000000e+04 9.562485977592145900e+02
1.070150000000000000e+04 9.882843791371502675e+02
1.090150000000000000e+04 8.789443664240532144e+02
1.110150000000000000e+04 9.110079930617413311e+02
1.130150000000000000e+04 1.073576384753609773e+03
1.150150000000000000e+04 1.120856861346375581e+03
1.170150000000000000e+04 1.247446256575656207e+03
1.190150000000000000e+04 1.203803830500250342e+03
1.210150000000000000e+04 1.033633037446909384e+03
1.230150000000000000e+04 1.457470467500148288e+03
