1.015000000000000000e+02 9.950014506107240919e+00
3.015000000000000000e+02 -3.418567031174531978e-01
5.015000000000000000e+02 7.577557892732050604e+00
7.015000000000000000e+02 1.695363817941709428e+00
9.015000000000000000e+02 3.825334736545939585e+00
1.101500000000000000e+03 4.576413243910278261e+00
1.301500000000000000e+03 7.507207496958596238e+00
1.501500000000000000e+03 1.041631305649332795e+01
1.701500000000000000e+03 1.034555118085105008e+01
1.901500000000000000e+03 9.069210248898686544e+00
2.101500000000000000e+03 1.372468235558345206e+01
2.301500000000000000e+03 1.435831574516312692e+01
2.501500000000000000e+03 1.674917038621079968e+01
2.701500000000000000e+03 1.344899817688728305e+01
2.901500000000000000e+03 1.574939657645828461e+01
3.101500000000000000e+03 1.728167065032399918e+01
3.301500000000000000e+03 1.880204943780057647e+01
3.501500000000000000e+03 2.423222581067602022e+01
3.701500000000000000e+03 2.007866838567575130e+01
3.901500000000000000e+03 2.089856226967155450e+01
4.101500000000000000e+03 1.833138360601031991e+01
4.301500000000000000e+03 1.931331287833259580e+01
4.501500000000000000e+03 2.213391232784348972e+01
4.701500000000000000e+03 1.827596716874413829e+01
4.901500000000000000e+03 2.075177610069685485e+01
5.101500000000000000e+03 1.863386255815125381e+01
5.301500000000000000e+03 1.742484354686216719e+01
5.501500000000000000e+03 2.615270876114538723e+01
5.701500000000000000e+03 2.370662425908513526e+01
5.901500000000000000e+03 1.787054407763516650e+01
6.101500000000000000e+03 2.211197701224677559e+01
6.301500000000000000e+03 2.253169912368730721e+01
6.501500000000000000e+03 2.199418503441561867e+01
6.701500000000000000e+03 2.110305527056954489e+01
6.901500000000000000e+03 2.326786765954450331e+01
7.101500000000000000e+03 2.112537021289562489e+01
7.301500000000000000e+03 2.062138386614626029e+01
7.501500000000000000e+03 1.953992457446859277e+01
7.701500000000000000e+03 1.971702587578410615e+01
7.901500000000000000e+03 1.937275552925500932e+01
8.101500000000000000e+03 2.042384948285340940e+01
8.301500000000000000e+03 2.147024901265261576e+01
8.501500000000000000e+03 1.530185545818025439e+01
8.701500000000000000e+03 2.251430975320835159e+01
8.901500000000000000e+03 1.516771406869986727e+01
9.101500000000000000e+03 1.965717435853453310e+01
9.301500000000000000e+03 1.810369525742447294e+01
9.501500000000000000e+03 1.855617249329413099e+01
9.701500000000000000e+03 2.066393974490441465e+01
9.901500000000000000e+03 1.679518704022636300e+01
1.010150000000000000e+04 1.850575147752065064e+01
1.030150000000000000e+04 2.012056708897476653e+01
1.050150000000000000e+04 1.558703028875745922e+01
1.070150000000000000e+04 1.702884104149129030e+01
1.090150000000000000e+04 1.531257661279512128e+01
1.110150000000000000e+04 1.697972900706767874e+01
1.130150000000000000e+04 1.475202438428981466e+01
1.150150000000000000e+04 1.784734277594536422e+01
1.170150000000000000e+04 1.438578862245343792e+01
1.190150000000000000e+04 1.573944123273562035e+01
1.210150000000000000e+04 1.464540360250477846e+01
1.230150000000000000e+04 2.122743741300362430e+01
