2.016443302908364058e+04 -6.725836875038576181e+03 7.495707727444184911e+02 -3.665543692642522160e+02 -3.934738862847353857e+01 -4.746269830386734156e+01 -1.940449104053745799e+01 -1.058160297429547470e+01 -4.807012773218144019e+00 -2.071297108594578606e+00 -7.503694927438754325e-01 -2.156240212980277404e-01 -5.192664165108522994e-02 -4.005809944945055989e-02 -6.787339496361334545e-02 -8.829142982435278508e-02 -8.930413752235191738e-02 -7.505624990531095664e-02 -5.438628520574849412e-02 -3.490816898817664105e-02 -2.081084851045513634e-02 -1.294273383214954339e-02 -9.961347239720620694e-03 -9.683669443404211569e-03 -1.013705692252481541e-02 -1.010275042937949438e-02 -9.196002453938456264e-03 -7.623899716998888167e-03 -5.922095971590489102e-03 -4.263778123616429779e-03 -4.448932778344584157e-03
-3.663567909468541075e+03 2.313806903197193969e+04 -6.192304080316903310e+03 7.857480217316980315e+02 -2.999055370470867388e+02 -1.757396648380167292e+01 -3.330981540321396039e+01 -1.228233466654385353e+01 -6.730008082663781366e+00 -2.900692707399785242e+00 -1.203448184022496426e+00 -4.204906138646257174e-01 -1.324802739631370518e-01 -5.931101021518434685e-02 -6.287726984902909655e-02 -7.799804348459773995e-02 -8.191946145516357247e-02 -7.258043190284281521e-02 -5.581926372649289453e-02 -3.827954322164570794e-02 -2.435128977827276386e-02 -1.557787035379905316e-02 -1.135168983334611595e-02 -1.002291534283761103e-02 -9.866705209718601780e-03 -9.670120309468998102e-03 -8.899101923896117136e-03 -7.608523799097149411e-03 -6.018486368308179936e-03 -5.076393721325385931e-03 -3.086037882945830407e-03
5.016824498611207446e+02 -4.765697147930870415e+03 2.344619147218350190e+04 -5.943376300701514992e+03 7.796615414852824415e+02 -2.701435657350687052e+02 -9.035143599815118165e+00 -2.716709967653159907e+01 -9.326069258837749842e+00 -5.196292257378444468e+00 -2.211621753333435247e+00 -9.352038290566309087e-01 -3.469290318819752694e-01 -1.297744018848095426e-01 -6.932542129306702716e-02 -6.439264893464044515e-02 -6.854883994725234631e-02 -6.633327976482604471e-02 -5.659515125397508728e-02 -4.324150128937780113e-02 -3.040620032289274854e-02 -2.057243219132336154e-02 -1.436909521698867542e-02 -1.114783312800064242e-02 -9.741240063857813103e-03 -9.050646542380328882e-03 -8.391550968197205793e-03 -7.392877424183585781e-03 -6.651201564323840076e-03 -4.335274570816215547e-03 -3.514544098391145580e-03
-1.107411605755492872e+02 6.302687739714046984e+02 -5.000005851683687069e+03 2.351403827097868634e+04 -5.812959091509607788e+03 7.728865864349802450e+02 -2.547519100322572285e+02 -5.060506354480568625e+00 -2.418130768419056054e+01 -7.967699563522796069e+00 -4.517102341694434031e+00 -1.925482345658762418e+00 -8.297873285029764290e-01 -3.168708025925978666e-01 -1.221689570288382182e-01 -6.312905238971820709e-02 -5.446566674399921232e-02 -5.636169145036668687e-02 -5.477129175692573709e-02 -4.765590353637832316e-02 -3.748237603185045064e-02 -2.728566713539786609e-02 -1.906756829790367050e-02 -1.350847818196381118e-02 -1.030188448511999699e-02 -8.696487082871797239e-03 -7.807811660978891850e-03 -7.486428961781288992e-03 -5.890843534681279928e-03 -4.607655790550688711e-03 -4.214353372382657371e-03
8.838673159945850344e+00 -1.591432618982968563e+02 6.667436212741032477e+02 -5.109548342179035899e+03 2.354127056955092485e+04 -5.736263914666462369e+03 7.674762040692593246e+02 -2.457768638466694426e+02 -2.983142138836243351e+00 -2.252987799648788325e+01 -7.237465482155593932e+00 -4.145783339685151780e+00 -1.762954993277434212e+00 -7.614184038306873736e-01 -2.889871433902316822e-01 -1.085369375694339167e-01 -5.350900166970661009e-02 -4.596620063035669612e-02 -4.889360101576529366e-02 -4.877684459702320147e-02 -4.328051913618799484e-02 -3.448313967736266195e-02 -2.522593342404775771e-02 -1.752797868216370361e-02 -1.222829135899415783e-02 -9.112145756520225251e-03 -7.901049625746756760e-03 -6.452192960989371236e-03 -5.758365531759748746e-03 -4.909310006694328314e-03 -4.886077449896691904e-03
-5.653802009806233819e+00 7.024311917700051922e+00 -1.719506776127993533e+02 6.840678836135614347e+02 -5.174976174438546877e+03 2.355478413909969095e+04 -5.686163189789679564e+03 7.631755928662303177e+02 -2.399595063135629402e+02 -1.747494622983906787e+00 -2.147798754367682150e+01 -6.768428084989316140e+00 -3.895888863718096395e+00 -1.646239168871324043e+00 -7.076660258744159604e-01 -2.652004646134141219e-01 -9.745587233847781417e-02 -4.733690352307295957e-02 -4.150297092810987382e-02 -4.506697151939480922e-02 -4.534988949325338692e-02 -4.027267442167833944e-02 -3.194307832969703331e-02 -2.318341849967108306e-02 -1.591024827062706773e-02 -1.125032538466652805e-02 -7.818600302739297375e-03 -6.318869533826721070e-03 -5.683532486103328417e-03 -5.009508378871663399e-03 -5.440367830863377004e-03
-8.220323369194871832e-01 -9.785139224579404882e+00 7.021965290602915744e+00 -1.791091455964540557e+02 6.944364726552272487e+02 -5.219040042201610049e+03 2.356237289608674109e+04 -5.650918393957083936e+03 7.597690451898236006e+02 -2.358579781785771843e+02 -9.148191077996735698e-01 -2.073001291591607753e+01 -6.429475257055592863e+00 -3.710497887774908854e+00 -1.558162802402899283e+00 -6.673626456138755936e-01 -2.484470308365848701e-01 -9.075100835854151005e-02 -4.413293757906480014e-02 -3.897810449983007269e-02 -4.235872019393587679e-02 -4.247776318267233037e-02 -3.755279119749163619e-02 -2.961222995262292532e-02 -2.162555160436922114e-02 -1.431824331308903173e-02 -9.622823447518686138e-03 -7.007450197507894725e-03 -5.780652632812827152e-03 -5.026287263195817513e-03 -5.774660640599910827e-03
-6.395117995328254423e-01 -2.032990246133647094e+00 -1.084817405466640672e+01 6.840912195497201864e+00 -1.839399609954907362e+02 7.012309379704998946e+02 -5.250815777857536887e+03 2.356704234990511759e+04 -5.624746619203754562e+03 7.570586915235769538e+02 -2.327863099530200373e+02 -3.049867033814216422e-01 -2.016480044107264291e+01 -6.172555600265395626e+00 -3.569685513238324059e+00 -1.492150410662156812e+00 -6.380809646238339017e-01 -2.369349575325491453e-01 -8.636357534282766701e-02 -4.182744506877139612e-02 -3.677427436606577754e-02 -3.986670800513921614e-02 -3.989203644230124302e-02 -3.544510322823579002e-02 -2.747898171350449462e-02 -1.961329676277289921e-02 -1.324777021485971581e-02 -8.919515932257860574e-03 -6.531387224612360438e-03 -5.201594970562622815e-03 -5.945762709324797085e-03
-2.173568822663838329e-01 -1.247612921118267382e+00 -2.316367811891608230e+00 -1.155756894544609636e+01 6.593337293418185752e+00 -1.875179124949047491e+02 7.060255652575551721e+02 -5.274807272206858215e+03 2.357013382290093796e+04 -5.604520619757597160e+03 7.548712915522480671e+02 -2.303924553817947185e+02 1.610690179094568797e-01 -1.972429396577226512e+01 -5.973484767160051945e+00 -3.460835809011567399e+00 -1.441566248495829816e+00 -6.157389593827059526e-01 -2.280127022248652213e-01 -8.267680857331936861e-02 -3.965552329588690333e-02 -3.471415934741314824e-02 -3.790731767772714117e-02 -3.755365498174660643e-02 -3.304127872951479611e-02 -2.594213917663624677e-02 -1.854257118648171623e-02 -1.249299594913825910e-02 -8.453435707487605422e-03 -5.975324775554962005e-03 -6.215594869096373494e-03
-9.042954980869158388e-02 -4.383154768934544032e-01 -1.407290267654333071e+00 -2.547139853862417258e+00 -1.211116195238457571e+01 6.327650774434635750e+00 -1.902691695153094145e+02 7.096081435098768679e+02 -5.293549108860920569e+03 2.357229563880229762e+04 -5.588414139069152952e+03 7.530718372825174356e+02 -2.284750474908121873e+02 5.264862191712594841e-01 -1.937269572691808150e+01 -5.815252666997636766e+00 -3.373930091935184894e+00 -1.400939263905083276e+00 -5.974827237745133912e-01 -2.204768561851752906e-01 -7.941345378730003957e-02 -3.793016340240114997e-02 -3.279915944939138656e-02 -3.565802109337387615e-02 -3.581602661154637685e-02 -3.158784616627011849e-02 -2.479464961325131278e-02 -1.771041418274789045e-02 -1.196910854350218163e-02 -7.869380351244566890e-03 -7.071511601311432013e-03
-2.841499529476117225e-02 -1.706194706629063917e-01 -5.020081865051466696e-01 -1.542190522916542683e+00 -2.746515094863556605e+00 -1.255681538729842295e+01 6.089788777430149125e+00 -1.924393007252206473e+02 7.123968731041636602e+02 -5.308591639174217562e+03 2.357386737754496062e+04 -5.575285642714430651e+03 7.515647133927072900e+02 -2.269055046759462471e+02 8.200677863120953148e-01 -1.908516323902969347e+01 -5.685789661922640903e+00 -3.302266782729993189e+00 -1.367174829764041144e+00 -5.821539900723838867e-01 -2.142859053112759760e-01 -7.649940325253894169e-02 -3.590525972017770406e-02 -3.138263041289245797e-02 -3.427784197069273786e-02 -3.447944370873092662e-02 -3.043262982552999776e-02 -2.387610371587901154e-02 -1.710288241131866296e-02 -1.129553002403330120e-02 -9.141847318348668427e-03
-7.473468015029951714e-03 -5.257826600938882156e-02 -2.002388162811208627e-01 -5.632327200183241400e-01 -1.655680875014867270e+00 -2.910738531432720766e+00 -1.291243807098916641e+01 5.888275689093308785e+00 -1.941924942490539081e+02 7.146301085561785840e+02 -5.320934107185545145e+03 2.357504428969049331e+04 -5.564379846811261814e+03 7.502843575455165137e+02 -2.255963612299400722e+02 1.061652531768569441e+00 -1.884493407524335495e+01 -5.577480305944890304e+00 -3.242011107355537991e+00 -1.338890774295330433e+00 -5.690746460836241249e-01 -2.085244617496418984e-01 -7.421454766068982800e-02 -3.466636283802205371e-02 -3.029914959597459351e-02 -3.316936772994995286e-02 -3.339990404967881771e-02 -2.947755630279079442e-02 -2.319862565383398398e-02 -1.627797308779933144e-02 -1.298594673978513241e-02
-1.529455780451306757e-03 -1.522062323584845618e-02 -6.684567619083413292e-02 -2.296061971606237484e-01 -6.135262280207246510e-01 -1.745083624369443420e+00 -3.041886624377758253e+00 -1.320037034604358617e+01 5.716272132335740608e+00 -1.956405683356134375e+02 7.164573005169265798e+02 -5.331245264582599702e+03 2.357594795695503490e+04 -5.555175713195496428e+03 7.491842181470906326e+02 -2.244869376761974138e+02 1.264277858271762645e+00 -1.864104163170625839e+01 -5.485720287156261143e+00 -3.190599006069193333e+00 -1.314294535863817392e+00 -5.580812113342704661e-01 -2.040488519709840187e-01 -7.237237274057321812e-02 -3.366786850864084135e-02 -2.942322871684315347e-02 -3.225887358829024332e-02 -3.249112410497182607e-02 -2.878966706547277099e-02 -2.217266706476082871e-02 -1.877264165784007371e-02
-1.129842282084311898e-03 -6.437045461290397119e-03 -2.338140522766710486e-02 -7.988199735691353665e-02 -2.513303244118264002e-01 -6.510301936423686930e-01 -1.815223754490978392e+00 -3.149279945732362584e+00 -1.343997698299898502e+01 5.566438878080523622e+00 -1.968583462564776028e+02 7.179796666639765590e+02 -5.339988447192810781e+03 2.357665736687222307e+04 -5.547303011945808066e+03 7.482293397959273307e+02 -2.235345030388093051e+02 1.436458515254996238e+00 -1.846575693260157180e+01 -5.406448979489880458e+00 -3.146485420285975554e+00 -1.293509124061135385e+00 -5.486944613313623487e-01 -2.002398234576518721e-01 -7.083111993494163594e-02 -3.284073520391594947e-02 -2.870203075124787978e-02 -3.148017934361952569e-02 -3.188479652482599513e-02 -2.754216773722458628e-02 -2.592454575064080322e-02
-1.878827869538544915e-03 -6.652690987134026596e-03 -1.178875614158359474e-02 -2.896123135589806150e-02 -8.759904681857939857e-02 -2.661441336847274464e-01 -6.801149616862874892e-01 -1.873144737111815505e+00 -3.240524485250897868e+00 -1.364375137786251635e+01 5.434676730124786914e+00 -1.978967365083481127e+02 7.192681675357944187e+02 -5.347495662468165392e+03 2.357722480210064532e+04 -5.540492085739273534e+03 7.473926828258191790e+02 -2.227078153796802837e+02 1.585059717255536960e+00 -1.831368972699760178e+01 -5.338020953574361016e+00 -3.108192242076103895e+00 -1.275455349743081834e+00 -5.405539218841549642e-01 -1.969497115145391608e-01 -6.951512159175339545e-02 -3.215418518545597182e-02 -2.807519101677829684e-02 -3.104394729783670898e-02 -3.044012443313806951e-02 -3.290446138876039484e-02
-2.326012917642335948e-03 -7.776162122014644573e-03 -1.042572552096391464e-02 -1.414716070167231811e-02 -3.102285068718284300e-02 -9.215513289328226831e-02 -2.777348443280709955e-01 -7.047728130693673432e-01 -1.922936179790213584e+00 -3.319460773428245304e+00 -1.381908985690108516e+01 5.318571619566068165e+00 -1.987923190744273541e+02 7.203731845752943173e+02 -5.354011684405664710e+03 2.357768563357921084e+04 -5.534541595302347559e+03 7.466541261171106498e+02 -2.219836954027588263e+02 1.713904063950795198e+00 -1.818047412373647731e+01 -5.278096777499476921e+00 -3.074601231558940828e+00 -1.259614254829232172e+00 -5.334162294212667632e-01 -1.940760917599953506e-01 -6.839127785651923086e-02 -3.154563558046151461e-02 -2.783001236349589083e-02 -2.947514310977076418e-02 -3.743778819521433737e-02
-2.224997891858871302e-03 -7.652173204354548869e-03 -1.045009547280090906e-02 -1.160907986093018089e-02 -1.447660289382468081e-02 -3.202408882861209477e-02 -9.604122382148098935e-02 -2.880439391390696158e-01 -7.264003815826673982e-01 -1.966124468217125054e+00 -3.388036405301506626e+00 -1.397117569830486872e+01 5.215865252243529149e+00 -1.995726570502833965e+02 7.213311625156596847e+02 -5.359720703595125997e+03 2.357806543149644131e+04 -5.529298351499357523e+03 7.459967450595619312e+02 -2.213441020341268199e+02 1.826918137056358304e+00 -1.806276400972402385e+01 -5.225166519689746103e+00 -3.044881061899536334e+00 -1.245596792024860733e+00 -5.271037371979073738e-01 -1.915593415864885185e-01 -6.738279042151890108e-02 -3.135329305245965203e-02 -2.623179326282800566e-02 -3.760920322216595307e-02
-1.768910522129964972e-03 -6.363411817380829061e-03 -9.514201363071439141e-03 -1.133364762296615660e-02 -1.184913588971174027e-02 -1.475778948469974594e-02 -3.327058636553222731e-02 -9.981752643729958907e-02 -2.971993604629077357e-01 -7.451877404835295371e-01 -2.003583759487530536e+00 -3.447933472036635028e+00 -1.410430083351162622e+01 5.124256058130083780e+00 -2.002586932877820516e+02 7.221700398024627248e+02 -5.364764160277558403e+03 2.357838154921647583e+04 -5.524643274546393513e+03 7.454081319137810624e+02 -2.207749874169307418e+02 1.926859469907031608e+00 -1.795797993178277352e+01 -5.178063675542926347e+00 -3.018393277070624325e+00 -1.233102044888778615e+00 -5.214950813900238735e-01 -1.892939610357259328e-01 -6.683007162531565126e-02 -2.975438397997019063e-02 -3.451443434641310315e-02
-1.213853929003863401e-03 -4.605915741934849851e-03 -7.654300255678126406e-03 -1.039211455809103089e-02 -1.192937024988592262e-02 -1.235630141066631701e-02 -1.538875875924441625e-02 -3.459999173875418638e-02 -1.031319061848323532e-01 -3.050466003332865661e-01 -7.614506964103063824e-01 -2.036332114281158123e+00 -3.500865803484018990e+00 -1.422181281797437080e+01 5.042458627198215027e+00 -2.008667967801518159e+02 7.229101369807266337e+02 -5.369252041652946900e+03 2.357864766445546775e+04 -5.520482593349306626e+03 7.448780717543124865e+02 -2.202652755620768232e+02 2.015876030006717556e+00 -1.786409238532936428e+01 -5.135871285998820923e+00 -2.994633937220472220e+00 -1.221906636510854627e+00 -5.164356926612684306e-01 -1.875765975635327043e-01 -6.499308438786464970e-02 -3.733464034652500541e-02
-7.381761786226805587e-04 -2.980374631101892578e-03 -5.530158017510414421e-03 -8.553513553498266753e-03 -1.126937110185217104e-02 -1.273783118330915932e-02 -1.300490353289013995e-02 -1.597479424476270018e-02 -3.564870100105146239e-02 -1.058660845099908265e-01 -3.117911469316579920e-01 -7.758173652057677172e-01 -2.065207970457714204e+00 -3.547630848872385556e+00 -1.432651906783361362e+01 4.968421499831669585e+00 -2.014095441784106697e+02 7.235681387731840459e+02 -5.373271348980436414e+03 2.357887380528339054e+04 -5.516741485460697731e+03 7.443982665304747570e+02 -2.198061060695593767e+02 2.095667304951228438e+00 -1.777948007664660324e+01 -5.097857342877521347e+00 -2.973216850280962387e+00 -1.211778039311167232e+00 -5.122072896476153048e-01 -1.846203936320803540e-01 -7.293588560462611892e-02
-4.164503893552844085e-04 -1.794260627643855287e-03 -3.687947497217313342e-03 -6.383493776191265408e-03 -9.492142732007749842e-03 -1.217485348302062460e-02 -1.345243909540951195e-02 -1.346312594132324271e-02 -1.633437794300812013e-02 -3.643064828298842733e-02 -1.082867872437928008e-01 -3.176439230591244778e-01 -7.882730324210461825e-01 -2.091054582361241643e+00 -3.589789850056149145e+00 -1.442039970471694588e+01 4.901311495224960346e+00 -2.018969278708971160e+02 7.241569994096214486e+02 -5.376891830546595884e+03 2.357906760192565707e+04 -5.513359511429185659e+03 7.439619085175431792e+02 -2.193903036646381111e+02 2.167591759896847936e+00 -1.770283623580667154e+01 -5.063469548289606159e+00 -2.953766455984624617e+00 -1.203251859125691103e+00 -5.058621220710038946e-01 -1.999068047381800661e-01
-2.447312533206591934e-04 -1.091993040218958459e-03 -2.374792458764978832e-03 -4.423156849296691270e-03 -7.198949773755288634e-03 -1.029204541120829798e-02 -1.284682146392899724e-02 -1.392499473351354981e-02 -1.373027972443576460e-02 -1.665602736834096223e-02 -3.700749069386205514e-02 -1.101351505888514271e-01 -3.229471181805392832e-01 -7.996766107700561399e-01 -2.114317522003113403e+00 -3.627807882564531905e+00 -1.450503377682719375e+01 4.840221401124034095e+00 -2.023370126587576294e+02 7.246870789764534493e+02 -5.380170049261843815e+03 2.357923494420768475e+04 -5.510287315133374250e+03 7.435633571008586387e+02 -2.190120078546229934e+02 2.232731713762705628e+00 -1.763320255679587234e+01 -5.032119339481865516e+00 -2.937864171720505624e+00 -1.188837095926507992e+00 -5.486054047244818266e-01
-1.788983466845619520e-04 -7.634750724330861176e-04 -1.585983923529956296e-03 -2.952248824572037151e-03 -5.026745356617087421e-03 -7.789826242713178243e-03 -1.083706945832358694e-02 -1.329897636340845665e-02 -1.433585789257331260e-02 -1.385315700626633430e-02 -1.665523822526292219e-02 -3.759472976801329219e-02 -1.120215701760628874e-01 -3.277657018437751257e-01 -8.099806173065801085e-01 -2.135347126186265321e+00 -3.662260738804042681e+00 -1.458171969441779225e+01 4.784388871665323784e+00 -2.027363723434730218e+02 7.251667631306137309e+02 -5.383152357068594029e+03 2.357938043199157255e+04 -5.507484206272002666e+03 7.431978646616950073e+02 -2.186664269680186408e+02 2.291674832443912457e+00 -1.756940032903663962e+01 -5.008466283761180193e+00 -2.905054932142082436e+00 -1.309011866866672147e+00
-1.670011376133809049e-04 -6.505616055087431017e-04 -1.182076452545663490e-03 -2.005248896741168574e-03 -3.343235329875960705e-03 -5.408069507391556445e-03 -8.171137912227338998e-03 -1.130005364829095305e-02 -1.358355599521133585e-02 -1.442724026184320427e-02 -1.402470744433290811e-02 -1.686731256787807678e-02 -3.817333903142467594e-02 -1.137494900091297612e-01 -3.321440019574011804e-01 -8.193315929951336951e-01 -2.154445370559652240e+00 -3.693625629452072179e+00 -1.465152770417576100e+01 4.733171012958964141e+00 -2.031004178461200809e+02 7.256029084433658909e+02 -5.385877111858261742e+03 2.357950767242447910e+04 -5.504916413611628741e+03 7.428613294270465985e+02 -2.183502489125118302e+02 2.345960692427454308e+00 -1.752279710683043490e+01 -4.942544470460624950e+00 -3.195487187911865146e+00
-1.688094922120435195e-04 -6.177211542712602666e-04 -9.947183747125018169e-04 -1.470891307603362265e-03 -2.239506071728629595e-03 -3.558060777845145108e-03 -5.720055092513360619e-03 -8.392936342285583703e-03 -1.144962426067177089e-02 -1.388624587586984559e-02 -1.470074508399878653e-02 -1.422363968099663555e-02 -1.708384300171075440e-02 -3.872008166893960851e-02 -1.153324729283623229e-01 -3.361346182960214257e-01 -8.278549683999992803e-01 -2.171866843496042865e+00 -3.722300256751581049e+00 -1.471534610287702272e+01 4.686019438819209348e+00 -2.034336546417874843e+02 7.260011440128107552e+02 -5.388376399922147357e+03 2.357961932967058601e+04 -5.502555889107094117e+03 7.425485714920176861e+02 -2.180581988701903811e+02 2.366579823465695398e+00 -1.737203351194072098e+01 -5.664524786439177895e+00
-1.625510574755003072e-04 -5.827087379435231607e-04 -8.898875038919129088e-04 -1.196427974955994967e-03 -1.605653429948749851e-03 -2.420459733953114236e-03 -3.636947608794096915e-03 -5.750598563021803653e-03 -8.627802893674344983e-03 -1.175370493070375215e-02 -1.419485530749893705e-02 -1.496751022676354008e-02 -1.442392451987943233e-02 -1.729597063040348714e-02 -3.923119468042989694e-02 -1.167864727540769698e-01 -3.397863904184120210e-01 -8.356561963121665881e-01 -2.187823784098870572e+00 -3.748618055263888138e+00 -1.477392222512784770e+01 4.642449275174293177e+00 -2.037399052810285980e+02 7.263660553856436763e+02 -5.390677500664032777e+03 2.357971728694030389e+04 -5.500381552690603712e+03 7.422612333918978038e+02 -2.178402440027679461e+02 2.584172884821775984e+00 -1.864539586636702140e+01
-1.429057346959489367e-04 -5.154761497370218904e-04 -7.944714632729418628e-04 -1.033865015900275802e-03 -1.343855684362607085e-03 -1.620828118964913814e-03 -2.353115920891283609e-03 -3.735988436471934966e-03 -5.929549797665928206e-03 -8.869243991164984034e-03 -1.204360511402163131e-02 -1.449092225960905977e-02 -1.522394951356462710e-02 -1.462171596046568829e-02 -1.750632180531096205e-02 -3.971633187629034639e-02 -1.181354725547542894e-01 -3.431502553058717875e-01 -8.428326463752900954e-01 -2.202505935184472907e+00 -3.772889202602947023e+00 -1.482797107511177970e+01 4.601802552885025044e+00 -2.040229657715074723e+02 7.266999756964548851e+02 -5.392805784624631997e+03 2.357979198280795390e+04 -5.498364890604360880e+03 7.418237139162887388e+02 -2.170242601108034819e+02 -1.735832188431330581e+00
-1.142223875361212136e-04 -4.240265206176164364e-04 -6.727433893533768571e-04 -9.568032104373297734e-04 -1.058316192895254792e-03 -1.264382504669903616e-03 -1.653386593095648510e-03 -2.425206439874807215e-03 -3.848528219335871879e-03 -6.100561714837767109e-03 -9.097463659582433887e-03 -1.231269706447019052e-02 -1.476534087432877784e-02 -1.546135648222524660e-02 -1.480401415477194602e-02 -1.769750321889757352e-02 -4.015617054546484488e-02 -1.193660018704171266e-01 -3.462337205316157185e-01 -8.494328612033480441e-01 -2.216034499876665453e+00 -3.795289380722471684e+00 -1.487783905964044351e+01 4.564276811283701996e+00 -2.042842168488743084e+02 7.270098189862201252e+02 -5.394775130178477411e+03 2.357987066422389762e+04 -5.496509161850541204e+03 7.416266941909882462e+02 -2.171890298076622798e+02
-8.587368285372003001e-05 -3.215601286812719414e-04 -5.850744922276294134e-04 -7.254993952649018644e-04 -9.106723031178082630e-04 -1.097447473600125139e-03 -1.317777465883811141e-03 -1.715177536081282685e-03 -2.513142251711206459e-03 -3.976253782631038007e-03 -6.282856821968078528e-03 -9.340861496757210669e-03 -1.261055410735921825e-02 -1.509602358288447688e-02 -1.579573458718233278e-02 -1.512890146945572271e-02 -1.806341879960793664e-02 -4.076319370458492131e-02 -1.206959287241297779e-01 -3.493015115332344656e-01 -8.559872767572778152e-01 -2.229853703647763918e+00 -3.819807474992670482e+00 -1.493337146749971467e+01 4.505277130759431259e+00 -2.045695446055638058e+02 7.271410705974108168e+02 -5.396596477510965997e+03 2.357795186992217350e+04 -5.488163357658323548e+03 6.904992187520680318e+02
-5.822992286588904226e-05 -2.633500564210458183e-04 -3.682934696121819380e-04 -5.476764208994882015e-04 -7.498664591731270040e-04 -9.358468967835289988e-04 -1.109448690127670363e-03 -1.323567409107828663e-03 -1.720486952878152922e-03 -2.529210405923202655e-03 -4.011103109352589721e-03 -6.333353787247844070e-03 -9.384135909102180734e-03 -1.260101840023531046e-02 -1.497418824517944384e-02 -1.551429385104571845e-02 -1.469695250582206403e-02 -1.759898328755601579e-02 -4.052784976435705455e-02 -1.210484728252519543e-01 -3.504971783202036617e-01 -8.574963226299042729e-01 -2.229486119596128635e+00 -3.809385980776232472e+00 -1.489958022131324178e+01 4.609980290764027266e+00 -2.042986005212157465e+02 7.273854344014894195e+02 -5.391970390847211092e+03 2.355700338328833095e+04 -5.324611453879522742e+03
-6.192973793127688471e-05 -1.565127127135346825e-04 -2.862921359769462311e-04 -4.816356757750533805e-04 -7.185405663118385033e-04 -9.783251310005710091e-04 -1.227624950742111417e-03 -1.458288152945739482e-03 -1.726671256971799026e-03 -2.193475834344245888e-03 -3.131894621698097601e-03 -4.871918839248787041e-03 -7.657784049349950287e-03 -1.142696817801158379e-02 -1.558622231665217177e-02 -1.896597578412909449e-02 -2.028785747566253309e-02 -1.973864504751584453e-02 -2.250730552191501990e-02 -4.629288849302895525e-02 -1.331573971864724315e-01 -3.849483059924312389e-01 -9.551791527624039491e-01 -2.469440637668715688e+00 -4.419129665336250845e+00 -1.599831115121002156e+01 7.527574147952299510e-01 -2.043367473509972569e+02 6.788286099243829312e+02 -5.231531023660031678e+03 2.230839324868702533e+04
