8.074751575349268023e+03 -9.106285251032973065e+02 1.151404993468603379e+02 -1.854462119947299215e+01 2.413382976549791170e+00 -5.374786159909544780e-01 3.059186777726230488e-02 -2.624138174191162354e-02 -3.467667647009232881e-03 -2.125115777880974815e-03 -4.691054989135913099e-04 -1.235223033835815905e-04 -1.686610466067840959e-05 -1.509148252236630466e-05 -2.604940724750646019e-05 -3.084235350563055747e-05 -2.774258998187665974e-05 -2.069653144955771446e-05 -1.330395527582065177e-05 -7.548169820923507529e-06 -3.944110916811259635e-06 -2.142962729780223931e-06 -1.485639757102169458e-06 -1.357591172087460902e-06 -1.347445875171328802e-06 -1.262072369997176937e-06 -1.068585249873398952e-06 -8.163478950597244139e-07 -5.723454650218643293e-07 -3.836907560547434807e-07 -2.657514088317241299e-07 -2.079285011682012335e-07 -1.868326853850055235e-07 -1.789419616417689709e-07 -1.684592544746084767e-07 -1.494209524597668993e-07 -1.235754530752876188e-07 -9.635878757538093569e-08 -7.310534672619579901e-08 -5.676529930628028297e-08 -4.738981546754721170e-08 -4.294530383208539560e-08 -4.067956376796873530e-08 -3.833307815562596054e-08 -3.478650826616064946e-08 -3.007289211158117812e-08 -2.495114126354977339e-08 -2.033743268403285920e-08 -1.685528577237534342e-08 -1.464273202743454162e-08 -1.341293114498526497e-08 -1.267090162061618290e-08 -1.195507556043283726e-08 -1.100093627732246127e-08 -9.782753148213038956e-09 -8.452147624843659229e-09 -7.212672538756484305e-09 -6.253587010034824128e-09 -5.520155709751458499e-09 -5.383024167966837259e-09 -4.253909247728425982e-09 -6.866055934093745836e-09
-9.500994169991570743e+03 2.220651896083417887e+04 -3.563775425586265555e+03 4.566299782617671212e+02 -8.741375259635935890e+01 8.540230641507777776e+00 -3.297615947833766104e+00 -1.786833581872755428e-01 -2.423680610585988993e-01 -5.873131515665468844e-02 -2.372421414861182465e-02 -6.087388957151793588e-03 -1.653426664737393543e-03 -6.313232211806474054e-04 -6.456846611513340859e-04 -7.182514036676779972e-04 -6.663535846432479389e-04 -5.213160944048077228e-04 -3.549044049817905232e-04 -2.156924819233771483e-04 -1.215825523033600312e-04 -6.918217662954042355e-05 -4.567664063925122364e-05 -3.747043192402604433e-05 -3.456159829993400657e-05 -3.159048604804491855e-05 -2.693572260271002105e-05 -2.112904947561089166e-05 -1.540766710306974859e-05 -1.078198823069794598e-05 -7.666632330867662187e-06 -5.920433831988413443e-06 -5.089371047659616357e-06 -4.672127316275343418e-06 -4.301200797495375183e-06 -3.808171601776704249e-06 -3.194260948089432136e-06 -2.553009826601993747e-06 -1.990458770337886507e-06 -1.572203611831601945e-06 -1.306581827912021922e-06 -1.156840787178186216e-06 -1.067370645518756718e-06 -9.890988979751768612e-07 -8.945114206154266077e-07 -7.798833484426081607e-07 -6.578380499105104796e-07 -5.460845533948579897e-07 -4.578157913351241231e-07 -3.969439279283872431e-07 -3.585758763566312525e-07 -3.329688454195161377e-07 -3.103949608524318376e-07 -2.847118821491799828e-07 -2.545839138190492027e-07 -2.224261510935498668e-07 -1.924336892968003692e-07 -1.673149219485352787e-07 -1.509944525962641122e-07 -1.341133758629109124e-07 -1.395479270575319864e-07 -1.316903727415914366e-07
-6.782607063519537860e+02 -7.820673575519528640e+03 2.315198502822617593e+04 -4.173452188188371110e+03 5.445409517031475843e+02 -1.125796824816133039e+02 9.595391900757851644e+00 -4.755281814923450590e+00 -4.333031734178015570e-01 -3.974472301482735448e-01 -1.080289691894145837e-01 -4.290425465228690088e-02 -1.245937723987478908e-02 -4.107562871807845031e-03 -1.925835575970558230e-03 -1.634070304908164959e-03 -1.549013418550412770e-03 -1.329391595358093417e-03 -1.007578141108500394e-03 -6.859523744178962993e-04 -4.309064826599060720e-04 -2.613412786787485385e-04 -1.648766016313499077e-04 -1.171003034918132238e-04 -9.478496841340220953e-05 -8.187678071704987371e-05 -7.024102713872824302e-05 -5.760988481403248436e-05 -4.480835639659307986e-05 -3.347651663536365654e-05 -2.474831125695908782e-05 -1.883988813632857677e-05 -1.522594433942204962e-05 -1.305484832378132266e-05 -1.153362132675501601e-05 -1.014818719051957509e-05 -8.703076672514123402e-06 -7.235433745107043065e-06 -5.882794963325407475e-06 -4.769548556097424233e-06 -3.945785240896701492e-06 -3.381033417814244615e-06 -2.994372495663340237e-06 -2.695914615072240545e-06 -2.419342471534317145e-06 -2.135549135249297646e-06 -1.848136368487034559e-06 -1.578158381833338431e-06 -1.347344000922572561e-06 -1.166748696792759970e-06 -1.033524127586683496e-06 -9.345975839764482905e-07 -8.536679880764351952e-07 -7.777546115307020182e-07 -7.006278734521942643e-07 -6.231802452345176294e-07 -5.488608515012638503e-07 -4.879057072300202382e-07 -4.255110465763309970e-07 -4.212878207291444525e-07 -3.427827850075695039e-07 -2.668995923451346818e-07
-1.504912675377666801e+03 8.413731288786917730e+02 -7.024105408531900139e+03 2.337254250467748716e+04 -4.474490471649821302e+03 5.894931738695955801e+02 -1.283348263831365159e+02 9.804581769937339430e+00 -5.878899115151071442e+00 -6.889540164369830633e-01 -5.415231469656254237e-01 -1.593900285303815334e-01 -6.356311415288402877e-02 -1.970638673764550999e-02 -6.727928047474691052e-03 -3.062056000098438251e-03 -2.397086533169382871e-03 -2.217382834909729841e-03 -1.923171841304977718e-03 -1.497124702939240737e-03 -1.057365774785966502e-03 -6.935209646331895027e-04 -4.382288692837020203e-04 -2.821634155040843067e-04 -1.971043146288035085e-04 -1.533014392740935283e-04 -1.283278940160364058e-04 -1.092596135466137886e-04 -9.094355312074806953e-05 -7.290841081566891858e-05 -5.652567705808713122e-05 -4.314191379019160529e-05 -3.327267457878503929e-05 -2.656539953621081784e-05 -2.215637051471912476e-05 -1.909514397675938770e-05 -1.664485458997893715e-05 -1.439874360718433744e-05 -1.224293948227634449e-05 -1.023915580761274071e-05 -8.498657621049005039e-06 -7.094376390774561136e-06 -6.026739184876660556e-06 -5.233986703947219087e-06 -4.625679117519485286e-06 -4.117770359431002906e-06 -3.654927004150802844e-06 -3.215744890764571721e-06 -2.804344046470741409e-06 -2.435841366307585150e-06 -2.123088463190409854e-06 -1.869165199723003716e-06 -1.666662360276981581e-06 -1.501597562410745331e-06 -1.359827448556961990e-06 -1.228897935742584493e-06 -1.111546093564151775e-06 -9.811166775561136081e-07 -9.319337337987903940e-07 -7.780262438113009843e-07 -5.124122024559647848e-07 -5.364093045346893760e-07
-7.150169135002442999e+02 -5.881304346242028487e+02 8.489556342896435126e+02 -6.591723548552889042e+03 2.345547781294468223e+04 -4.657982881608524622e+03 6.172506058978217425e+02 -1.395270705370362521e+02 9.698515032369982691e+00 -6.807366465965335678e+00 -9.336144161892698801e-01 -6.746146515957452960e-01 -2.086995221859869742e-01 -8.295524169198742470e-02 -2.611441825637035932e-02 -8.703748759840845492e-03 -3.786769165246529727e-03 -2.959785146102224002e-03 -2.835299303634599127e-03 -2.544215863779661791e-03 -2.034842005413627693e-03 -1.465680087248567767e-03 -9.716128442466681874e-04 -6.128915326960465183e-04 -3.886063382659969722e-04 -2.660340010358336988e-04 -2.053470799501755058e-04 -1.739423445081384975e-04 -1.515418787116375155e-04 -1.291748617569296977e-04 -1.054289170315976656e-04 -8.239858428096743246e-05 -6.265911130738650956e-05 -4.768777459447496626e-05 -3.750630013770202124e-05 -3.107820014350500296e-05 -2.696551742678967431e-05 -2.389375742135422268e-05 -2.105901650182508624e-05 -1.816589035314993420e-05 -1.528455817410806050e-05 -1.264194930298537666e-05 -1.044278989711101667e-05 -8.771279890187518578e-06 -7.578130938172648732e-06 -6.726649197944172119e-06 -6.059800422556210996e-06 -5.455671580427324684e-06 -4.853963578947121158e-06 -4.252331581265832005e-06 -3.683032504019333418e-06 -3.184553682115485617e-06 -2.780007273225566228e-06 -2.469621728696689340e-06 -2.230792520421929837e-06 -2.045242251999758469e-06 -1.848850264522837645e-06 -1.759468651929539192e-06 -1.490637175842757372e-06 -1.073167519740253188e-06 -8.839097970858747247e-07 -8.892652764725857650e-07
-4.956274020240753657e+02 -1.239020584652515140e+02 -4.433937006509045204e+02 8.421643249110456964e+02 -6.345777309281841553e+03 2.349737732713267542e+04 -4.782937890317244637e+03 6.361367685539280501e+02 -1.480165704845690300e+02 9.461770017698986734e+00 -7.590854140280450579e+00 -1.157332614397155179e+00 -7.934394927357842908e-01 -2.531033702546514053e-01 -1.000331191001090775e-01 -3.156874230493347117e-02 -1.032861334304629834e-02 -4.445801329455484688e-03 -3.564092246790965309e-03 -3.509940363484679009e-03 -3.197615221948159076e-03 -2.574001932852476929e-03 -1.854464095035075191e-03 -1.223370294014149281e-03 -7.654729531950150035e-04 -4.824380469576527910e-04 -3.317503758451188214e-04 -2.603884442859692489e-04 -2.248147671760146839e-04 -1.983080462510902644e-04 -1.696795797595766092e-04 -1.380364306251894151e-04 -1.070591232217747496e-04 -8.074012155674777037e-05 -6.122110917537197856e-05 -4.840607390390963425e-05 -4.065409403103495975e-05 -3.581093408343510951e-05 -3.205648541331753906e-05 -2.833220086358572565e-05 -2.435063394337974376e-05 -2.033915445121324569e-05 -1.670393259580317362e-05 -1.376173013627418366e-05 -1.161061784889176963e-05 -1.013618206862958456e-05 -9.102992377859594136e-06 -8.267133186733523659e-06 -7.459324212399818232e-06 -6.615765251488407336e-06 -5.760674258282584770e-06 -4.961302308213554526e-06 -4.282289779499839163e-06 -3.750234116725090895e-06 -3.367784619749033325e-06 -3.043337867869134556e-06 -2.907525918598707351e-06 -2.536979463380054109e-06 -1.932141996532810382e-06 -1.678830977572014428e-06 -1.344760448338165533e-06 -1.385286892163335892e-06
-2.899880374585933396e+02 -1.183989911313342560e+02 -6.454753520711773263e+01 -3.713816164432524261e+02 8.289435745494497496e+02 -6.186574184976600918e+03 2.352122423205464656e+04 -4.873632567524565275e+03 6.497979153869537186e+02 -1.546906998715296027e+02 9.184677602458123147e+00 -8.254930849985839814e+00 -1.356646727432996968e+00 -8.983218388742856275e-01 -2.928825250351489440e-01 -1.154595881820277559e-01 -3.665354258862244669e-02 -1.197336275617002892e-02 -5.188001032986301435e-03 -4.206520999880380800e-03 -4.168023998542436104e-03 -3.803135201654461381e-03 -3.060318742968705027e-03 -2.202613329940914834e-03 -1.452665747272363465e-03 -9.114118392892776085e-04 -5.791520816557159217e-04 -4.033997476792332282e-04 -3.199755369723960847e-04 -2.770577940605724906e-04 -2.436036569012458609e-04 -2.072945913505872429e-04 -1.678508046659287650e-04 -1.300005032513297575e-04 -9.842573555778684653e-05 -7.535877950015008897e-05 -6.032849676961478559e-05 -5.113735127724968111e-05 -4.514779953531101829e-05 -4.026345368352691442e-05 -3.536299920922538197e-05 -3.023320314316353213e-05 -2.521359199716284629e-05 -2.078544043028789760e-05 -1.727311446800721526e-05 -1.472505821534424138e-05 -1.295239132623441462e-05 -1.165403723621725348e-05 -1.054972540882108222e-05 -9.465964734451594618e-06 -8.355816703193470616e-06 -7.266862610932811485e-06 -6.277012509059119253e-06 -5.468903670347114347e-06 -4.795807665265744790e-06 -4.462488817782064285e-06 -3.910263572053815454e-06 -3.104739470713607394e-06 -2.764152587618374074e-06 -2.376065845102673611e-06 -1.963137251783427148e-06 -2.048278606102301722e-06
-1.678111206265670887e+02 -6.015892343269269560e+01 -7.338520253280684358e+01 -3.777072352444144343e+01 -3.340279882837904779e+02 8.175706865703674566e+02 -6.075377242472764010e+03 2.353609506824658820e+04 -4.942486490196312843e+03 6.601462746631486880e+02 -1.600742608766711328e+02 8.905978719083369910e+00 -8.822948802359977805e+00 -1.534174251198394900e+00 -9.919025197454173215e-01 -3.292160168461248371e-01 -1.298410865640571010e-01 -4.156192839194600835e-02 -1.361137106405483493e-02 -5.902349882819516586e-03 -4.779112815084454215e-03 -4.743901864329184634e-03 -4.341628076374478944e-03 -3.506495184735931511e-03 -2.535310666405828778e-03 -1.681996794837895860e-03 -1.062997241833916811e-03 -6.802793011115309966e-04 -4.754205152334169647e-04 -3.762780183932567168e-04 -3.243416371311107454e-04 -2.843540170001516206e-04 -2.420676924103241435e-04 -1.967788437067501269e-04 -1.534792014841103599e-04 -1.172214976866504715e-04 -9.043611771309363937e-05 -7.262604457274876362e-05 -6.141561337702380842e-05 -5.393864613785323461e-05 -4.789684237414514587e-05 -4.202976969864057830e-05 -3.604893277988622700e-05 -3.026487685028430005e-05 -2.515456024901416643e-05 -2.104575041226587799e-05 -1.798844952807613439e-05 -1.579004060953329686e-05 -1.414071120330941867e-05 -1.274782654069310872e-05 -1.142566855230117442e-05 -1.010967372275924997e-05 -8.857919214185640781e-06 -7.662995645022605112e-06 -6.877431585952832565e-06 -5.882708848815164533e-06 -4.675434816073408360e-06 -4.174736294193753462e-06 -3.654166623995417704e-06 -3.234526201166202876e-06 -2.724017620346960847e-06 -2.905167375565447505e-06
-8.817409070268955418e+01 -3.470554302632648103e+01 -3.422490614768017281e+01 -5.311872020182500620e+01 -2.576105471817973935e+01 -3.108434850804313783e+02 8.081961726077491903e+02 -5.993268505388097765e+03 2.354600298607696095e+04 -4.996539185191565593e+03 6.682604944791428352e+02 -1.645093367945997045e+02 8.638659361198213205e+00 -9.315034948181461161e+00 -1.693606998645900807e+00 -1.076309619735371426e+00 -3.626358495656444858e-01 -1.432030418614001488e-01 -4.614151000464483676e-02 -1.509553251642084190e-02 -6.506944516162364335e-03 -5.266183679207918876e-03 -5.263178405157076592e-03 -4.851717529434741889e-03 -3.944098726924990736e-03 -2.868443244859517245e-03 -1.912339364943804439e-03 -1.212152859815586545e-03 -7.754391817680920604e-04 -5.399956345277082993e-04 -4.260276591537297459e-04 -3.674504900079067146e-04 -3.235446310111297322e-04 -2.771697586931315556e-04 -2.268104113177229694e-04 -1.778731757575981415e-04 -1.362386945240919977e-04 -1.050255661334954755e-04 -8.403705224349867977e-05 -7.081042413780573618e-05 -6.214755649949900245e-05 -5.535282527811377271e-05 -4.884514064071172722e-05 -4.216132328527469482e-05 -3.558149431422860497e-05 -2.964760639429541610e-05 -2.478363904669476242e-05 -2.111430848598525918e-05 -1.847279477052668240e-05 -1.652844330715259858e-05 -1.493103737007081333e-05 -1.346431885144456765e-05 -1.192814489397586951e-05 -1.070043550157371998e-05 -9.077411929668767322e-06 -7.164015885128745896e-06 -6.206904308660951439e-06 -5.358179339638936770e-06 -4.728303154485835560e-06 -4.224912184210012640e-06 -3.620244584249295378e-06 -3.958158140228139693e-06
-4.153293505364188576e+01 -1.738583640650010409e+01 -1.955881521229252229e+01 -2.318872142382812029e+01 -4.348671898921259782e+01 -1.895397354447463911e+01 -2.950814792336877872e+02 8.005676281718190239e+02 -5.930130876491953131e+03 2.355294434308786003e+04 -5.040102163839862442e+03 6.747920648480840100e+02 -1.682291052008779673e+02 8.386665524960269735e+00 -9.746072833158407889e+00 -1.837451826546061096e+00 -1.152646473483036171e+00 -3.932130912345281892e-01 -1.554412605429722205e-01 -5.030816567535140171e-02 -1.641541400717631133e-02 -7.042089484968358515e-03 -5.722834488663326377e-03 -5.769287443114826629e-03 -5.354497302013553652e-03 -4.373927511677732846e-03 -3.191041795043615941e-03 -2.130179026918163285e-03 -1.349152981920176408e-03 -8.610367975388324210e-04 -5.987472412455240511e-04 -4.734943789890795705e-04 -4.106579909869242841e-04 -3.637532830881856768e-04 -3.130321977925080469e-04 -2.567652157923913875e-04 -2.013719097079322957e-04 -1.539408147208187565e-04 -1.183695932452553202e-04 -9.462187311126717864e-05 -7.990450094574156627e-05 -7.046833360846914104e-05 -6.310549220078900999e-05 -5.591932671450196719e-05 -4.836149253594201745e-05 -4.079705121868868281e-05 -3.392184993042426765e-05 -2.829036592882676544e-05 -2.408525442738479732e-05 -2.110919677567040466e-05 -1.898744197720348252e-05 -1.717075490242955167e-05 -1.578553612480279841e-05 -1.376006024146904350e-05 -1.115427511300438076e-05 -9.554088553496153799e-06 -8.050191320553953917e-06 -6.906702238231486638e-06 -6.022020008884847731e-06 -5.376037282584408896e-06 -4.643597852814900898e-06 -5.191623215235080037e-06
-1.644603781794877406e+01 -7.983638136512730021e+00 -9.499924819093978456e+00 -1.338653551585180601e+01 -1.807376655543155408e+01 -3.779461902462338685e+01 -1.462772595409585108e+01 -2.836310439857544452e+02 7.943088584352307180e+02 -5.880062826542874063e+03 2.355799641959190194e+04 -5.075963172267571281e+03 6.801602694098094162e+02 -1.713955572032778321e+02 8.151641254666211367e+00 -1.012657296760211700e+01 -1.967389841771620462e+00 -1.221704236502119123e+00 -4.211129473425201941e-01 -1.666402075389241677e-01 -5.414042995232663108e-02 -1.764817088260403968e-02 -7.564307158294997051e-03 -6.175950020484587480e-03 -6.263254720529993526e-03 -5.836282027547084333e-03 -4.779323612742734408e-03 -3.491407470198462388e-03 -2.331584186938895180e-03 -1.476535128813646555e-03 -9.427589997242846135e-04 -6.571825279593751902e-04 -5.219287949670179489e-04 -4.544738408053458634e-04 -4.034860724038161705e-04 -3.474194108928945401e-04 -2.847949941684977944e-04 -2.231214140898926451e-04 -1.704879378881629757e-04 -1.312539204461673223e-04 -1.052741876601516279e-04 -8.929512302463292548e-05 -7.903614169900183653e-05 -7.089616668112535701e-05 -6.280741654570332240e-05 -5.424327510327563845e-05 -4.569155354530179963e-05 -3.797774738607011182e-05 -3.171673440852754844e-05 -2.712005006680288103e-05 -2.379324434209724237e-05 -2.176210307908529561e-05 -1.940542840566442299e-05 -1.642158464336707180e-05 -1.446043663465221048e-05 -1.235551549845644807e-05 -1.049724146818967622e-05 -8.918761513883908203e-06 -7.665331427608897130e-06 -6.761642577441463785e-06 -5.820606622703204531e-06 -6.592194610724960992e-06
-5.020158411629057404e+00 -3.137941452279625398e+00 -4.336663695213760938e+00 -6.453110416560408069e+00 -1.048596496779096299e+01 -1.508847559399730720e+01 -3.403803758913701927e+01 -1.163895063158846455e+01 -2.749275861288008400e+02 7.891032868222640673e+02 -5.839387622488380657e+03 2.356178605158832215e+04 -5.106001573224551066e+03 6.846493613625285661e+02 -1.741240074976263088e+02 7.934117026279908558e+00 -1.046456691755875923e+01 -2.085021585810674871e+00 -1.284382508141075574e+00 -4.466831236298626773e-01 -1.769843172409674426e-01 -5.773074673681700963e-02 -1.883034489748384652e-02 -8.073990274175338322e-03 -6.608158893643707038e-03 -6.725038734203931182e-03 -6.283688104534876362e-03 -5.156495299709106146e-03 -3.773431036351646353e-03 -2.523960179006060414e-03 -1.601194830873174093e-03 -1.024571138511821316e-03 -7.158663570910184367e-04 -5.694786052751606110e-04 -4.962005347149819542e-04 -4.405676345410699146e-04 -3.793869940892588295e-04 -3.111786557013205049e-04 -2.441319205414055782e-04 -1.869892100722446828e-04 -1.444050365476284598e-04 -1.161515271131319038e-04 -9.866649402825947038e-05 -8.731995096808185049e-05 -7.825059335409185763e-05 -6.926523534196707345e-05 -5.982761545177428959e-05 -5.046199583696267283e-05 -4.208631319044952326e-05 -3.518021584330602948e-05 -3.050678887808937762e-05 -2.645146550514199961e-05 -2.252417726951741418e-05 -2.029455395529885397e-05 -1.796843961205963694e-05 -1.573006495746295200e-05 -1.353105279989936891e-05 -1.152025145452111153e-05 -9.805163497123439581e-06 -8.514319267942001076e-06 -7.234898602830177605e-06 -8.185507101055324009e-06
-1.296571150279303364e+00 -1.079501186430887882e+00 -1.758958684771581904e+00 -2.982997081700847541e+00 -4.993106788394168660e+00 -8.769176976363407761e+00 -1.313328074490728881e+01 -3.137161344758994019e+01 -9.461292999618974520e+00 -2.680898674740341221e+02 7.847133047037118558e+02 -5.805689481345505556e+03 2.356470097968632763e+04 -5.131529643497205143e+03 6.884588412609799661e+02 -1.764994040834747011e+02 7.733489149157903420e+00 -1.076670142439991906e+01 -2.191970119961357266e+00 -1.341576012816497077e+00 -4.702531994764623247e-01 -1.865939388731656379e-01 -6.109823688558369686e-02 -1.994347425721427342e-02 -8.546571238736732842e-03 -7.003644491485575170e-03 -7.151173102575177770e-03 -6.702639611289455505e-03 -5.515265003959103109e-03 -4.045864368641307295e-03 -2.712186021110347088e-03 -1.723760309410197946e-03 -1.104187576767665709e-03 -7.715648920792034498e-04 -6.136084171705070934e-04 -5.348152383348586929e-04 -4.754344254639862014e-04 -4.102120051347256206e-04 -3.372699864588429549e-04 -2.652691491313019230e-04 -2.036187086983065023e-04 -1.574365491030115969e-04 -1.266239238860881544e-04 -1.074693418902918177e-04 -9.505153013666572178e-05 -8.521535774429221438e-05 -7.554261444625394385e-05 -6.544328372950885804e-05 -5.525059299100096955e-05 -4.658182970725464986e-05 -3.859277453856501820e-05 -3.152100699839264087e-05 -2.752966921321565210e-05 -2.437785530001622327e-05 -2.186565183910149914e-05 -1.948241912011706157e-05 -1.708980941767977444e-05 -1.473665231263136618e-05 -1.255945291473580044e-05 -1.079170898220300598e-05 -9.028039293591557564e-06 -1.006987427463238505e-05
-1.190135646182930662e+00 -4.786924165691692767e-01 -7.048492230066915054e-01 -1.235135684966455427e+00 -2.298471403976454663e+00 -4.115407386919665456e+00 -7.635956209358459645e+00 -1.176035049455967574e+01 -2.938803827230195509e+01 -7.812924032497064353e+00 -2.625772088337907348e+02 7.809661021577605879e+02 -5.777314255962649440e+03 2.356699159613515803e+04 -5.153492333405745740e+03 6.917321056394076777e+02 -1.785862447984499966e+02 7.548445441183278426e+00 -1.103846593114022490e+01 -2.289645696812973252e+00 -1.393990127977043914e+00 -4.920331727348007944e-01 -1.955138227905454107e-01 -6.423140942308894208e-02 -2.097235797777027150e-02 -8.978573676679106955e-03 -7.370153195400620978e-03 -7.554258544511184732e-03 -7.104334834151212856e-03 -5.861912739041303354e-03 -4.309658054258143182e-03 -2.893607790478586097e-03 -1.840429595512248218e-03 -1.178670805049153360e-03 -8.231690026121290518e-04 -6.549424302258498917e-04 -5.719107892142922438e-04 -5.097293179145438637e-04 -4.409246205563732506e-04 -3.632631721791701809e-04 -2.860648945563595879e-04 -2.196319103940292587e-04 -1.697127262075143477e-04 -1.363957632291872728e-04 -1.157799582306001912e-04 -1.025412777891813261e-04 -9.218471252773429412e-05 -8.180983346934242743e-05 -7.147468614341602412e-05 -5.995223829027026516e-05 -4.830518146286981505e-05 -4.016644443240786915e-05 -3.382546201677169215e-05 -2.941423296423888964e-05 -2.619025033203513199e-05 -2.354096985745570016e-05 -2.102376885366617000e-05 -1.847887556785786925e-05 -1.594831981590132843e-05 -1.371367195234324358e-05 -1.136254035434071192e-05 -1.242243939372717347e-05
-2.193313356208434151e+00 -5.003715429798925030e-01 -4.002591268658763357e-01 -5.033519499759544491e-01 -9.406063273531268809e-01 -1.875865166212726143e+00 -3.536138256133474655e+00 -6.840928416397798806e+00 -1.075121184557496612e+01 -2.785902799205767266e+01 -6.525712909749674218e+00 -2.580376357933798772e+02 7.777339121045193906e+02 -5.753092139610895174e+03 2.356882461682039502e+04 -5.172588064020017555e+03 6.945746214252268373e+02 -1.804343536237070964e+02 7.377560196177203267e+00 -1.128424474244115316e+01 -2.379155091945440947e+00 -1.442151904612831270e+00 -5.121734779113816804e-01 -2.037867226141250876e-01 -6.714372504351147353e-02 -2.193020746110229194e-02 -9.385450026855087641e-03 -7.721095297688038150e-03 -7.942055822801906417e-03 -7.490316573302980077e-03 -6.193683520268083130e-03 -4.560621375587478599e-03 -3.064982609346472969e-03 -1.950060177907676643e-03 -1.248874015887438795e-03 -8.726290019214907271e-04 -6.954514387816461418e-04 -6.087097004726223183e-04 -5.436789428331205171e-04 -4.709733737049782770e-04 -3.882902543581328203e-04 -3.057878920668719957e-04 -2.347014647615718941e-04 -1.813412286207056567e-04 -1.458437753358358100e-04 -1.240652377226678571e-04 -1.099915415861718083e-04 -9.959882343163525950e-05 -8.794359444610768903e-05 -7.428808137939287991e-05 -6.252404230742131925e-05 -5.153087633950494654e-05 -4.267979604823027957e-05 -3.607848767714302862e-05 -3.141794540285229099e-05 -2.803119821538036798e-05 -2.524089887974414882e-05 -2.258447677535763051e-05 -1.986646847474075664e-05 -1.729405067117101218e-05 -1.435350149150262627e-05 -1.545864822805178901e-05
-3.010314002758721852e+00 -6.668759020413776994e-01 -3.945926464591023031e-01 -2.709691901817158355e-01 -3.727609457331117482e-01 -7.539458918560972833e-01 -1.599030126893449033e+00 -3.133767149326257773e+00 -6.257821899704867796e+00 -9.981006749456691196e+00 -2.664491242816531980e+01 -5.493713195070953681e+00 -2.542333370158313244e+02 7.749195568910691918e+02 -5.732173205658035840e+03 2.357031424542186505e+04 -5.189344166139919253e+03 6.970658806660985647e+02 -1.820826258312343100e+02 7.219561961870394562e+00 -1.150754151429381977e+01 -2.461405561578990042e+00 -1.486516454331446413e+00 -5.308346075658403329e-01 -2.114827174240970220e-01 -6.986929610048313311e-02 -2.283611056925796343e-02 -9.776333997167726761e-03 -8.058084485254942211e-03 -8.311525716285690646e-03 -7.856131000681892615e-03 -6.507280978819118475e-03 -4.797823984744507830e-03 -3.227575409860273213e-03 -2.055073489373379202e-03 -1.317155563975792474e-03 -9.213843465256900053e-04 -7.353997950852107475e-04 -6.445742335367861267e-04 -5.762876245129826486e-04 -4.995297191168905681e-04 -4.119941508652771932e-04 -3.245822479478583343e-04 -2.492766623714809501e-04 -1.928675329089779003e-04 -1.552048037573433830e-04 -1.328262476718748762e-04 -1.172599302749456146e-04 -1.033076342621912626e-04 -9.162471761718097229e-05 -7.882731066184644976e-05 -6.617255750795438245e-05 -5.468722857716304311e-05 -4.532498451762062124e-05 -3.835934451766019875e-05 -3.344607060993107412e-05 -2.988332118813191271e-05 -2.695472869314367059e-05 -2.413556387920343671e-05 -2.141403757447734839e-05 -1.799947999161071260e-05 -1.934826849910247328e-05
-3.198182803042047606e+00 -7.601015829903945420e-01 -4.469903064937681969e-01 -2.458852178966999535e-01 -1.917016545138175987e-01 -2.909763128565658885e-01 -6.355723299368625234e-01 -1.409583006655493076e+00 -2.840783875498076316e+00 -5.812541012102271587e+00 -9.373818123948771230e+00 -2.565708022361226881e+01 -4.648479071036751620e+00 -2.509987389309240768e+02 7.724478738062948651e+02 -5.713924943390843509e+03 2.357154107445434056e+04 -5.204166004910499396e+03 6.992670849069352244e+02 -1.835618302351228976e+02 7.073296143824144622e+00 -1.171125885066225436e+01 -2.537209683588121489e+00 -1.527512527331619241e+00 -5.481828896739991963e-01 -2.186719743236370250e-01 -7.243269302216480410e-02 -2.369468115030437180e-02 -1.014759510663922233e-02 -8.375793990017735627e-03 -8.659121241294743393e-03 -8.201224336900360054e-03 -6.804691022067855220e-03 -5.024447246562512188e-03 -3.384327262029545539e-03 -2.157223138451971889e-03 -1.383846016791935672e-03 -9.687061646053838531e-04 -7.736525827727900933e-04 -6.785740818073416475e-04 -6.071738729241268851e-04 -5.267858085355588095e-04 -4.349090943178141717e-04 -3.430816220374597529e-04 -2.636320062299079463e-04 -2.048580713669242341e-04 -1.643150316946494563e-04 -1.373511461846261108e-04 -1.217282600171358309e-04 -1.089867849216695343e-04 -9.652696424658617242e-05 -8.326874471454438862e-05 -6.995741003160841959e-05 -5.786357233197116811e-05 -4.798938280840719700e-05 -4.064702658184611854e-05 -3.547668234110391795e-05 -3.174452930902146489e-05 -2.865072070791626415e-05 -2.588110762734318311e-05 -2.216076346056741433e-05 -2.412257159339237938e-05
-2.813499795934626846e+00 -7.265891739605939703e-01 -4.587529772214210544e-01 -2.713500210794168588e-01 -1.729200914756636454e-01 -1.468399375036856247e-01 -2.429740734684375514e-01 -5.565735626142079839e-01 -1.272217638559073327e+00 -2.617383171156357768e+00 -5.460848825726890787e+00 -8.882774868483579667e+00 -2.483779912073956808e+01 -3.944342050408105038e+00 -2.482148740057846226e+02 7.702603680031168096e+02 -5.697866585898361336e+03 2.357256348361040000e+04 -5.217370273355553763e+03 7.012260734491215999e+02 -1.848967133966883978e+02 6.937655592459123000e+00 -1.189786150830814826e+01 -2.607296402282432979e+00 -1.565519032403644317e+00 -5.643570137843325618e-01 -2.254018625371275730e-01 -7.484211321584670340e-02 -2.450231623621910992e-02 -1.049518394811647416e-02 -8.673549548417992458e-03 -8.987429118720458715e-03 -8.529727530918566891e-03 -7.089730452558456672e-03 -5.242808699606139357e-03 -3.535787415424272977e-03 -2.255754381398104511e-03 -1.447685160515294620e-03 -1.013559262627599820e-03 -8.098040440146576013e-04 -7.109587001497767299e-04 -6.369717274064810343e-04 -5.534783618246602284e-04 -4.573553909615823369e-04 -3.619256816636825060e-04 -2.775806827201041192e-04 -2.119897651558980795e-04 -1.702319188312497367e-04 -1.441138449447738911e-04 -1.275796404475665682e-04 -1.145378475921633574e-04 -1.015655282922996573e-04 -8.771279129419656568e-05 -7.374660847982186210e-05 -6.103353094586641146e-05 -5.064698496888258829e-05 -4.292763808816911915e-05 -3.751230355095179942e-05 -3.357919329221301704e-05 -3.058463151281211334e-05 -2.662845894205224205e-05 -2.963191479237418049e-05
-2.124582364737364948e+00 -5.989047303984544879e-01 -4.132788781449733273e-01 -2.806168861180556307e-01 -1.953149722725296411e-01 -1.349885916275698206e-01 -1.224846684521603279e-01 -2.116748018384246310e-01 -4.991615031500907795e-01 -1.167083536215371087e+00 -2.441012655209532145e+00 -5.176179711355379354e+00 -8.477945102497526975e+00 -2.414775837363240640e+01 -3.349358478362317371e+00 -2.457936697673509627e+02 7.683111495983972645e+02 -5.683626114251166655e+03 2.357342456099000628e+04 -5.229208086961259141e+03 7.029806921677195533e+02 -1.861074539091238762e+02 6.811602401430072007e+00 -1.206943107625579259e+01 -2.672286292201752289e+00 -1.600846781792228501e+00 -5.794629249828456841e-01 -2.317055259060761263e-01 -7.710419971595877664e-02 -2.526070616811146655e-02 -1.082217158011804410e-02 -8.956025002484359343e-03 -9.301021387425941617e-03 -8.844654071232957437e-03 -7.363389858360239355e-03 -5.452324723698194833e-03 -3.680698846925871490e-03 -2.349593614909276790e-03 -1.508272155503764334e-03 -1.056264680070168266e-03 -8.445994347949682809e-04 -7.425800560024841800e-04 -6.660561906310429004e-04 -5.803319749203095321e-04 -4.791255119887148834e-04 -3.751297020840934780e-04 -2.878297434013299405e-04 -2.216062605552011184e-04 -1.776925766656784714e-04 -1.507161063619760690e-04 -1.335720721768905641e-04 -1.200738612351820613e-04 -1.065877511787215756e-04 -9.212789887825669302e-05 -7.750832581769068880e-05 -6.418068607306340388e-05 -5.328663485202697088e-05 -4.520860146075545268e-05 -3.951167768844671607e-05 -3.570250509012432537e-05 -3.129127000486178718e-05 -3.561225747187524501e-05
-1.414117439480374383e+00 -4.369725903327842942e-01 -3.318389542220885891e-01 -2.583827765536927945e-01 -2.063785465537424091e-01 -1.554044315652404751e-01 -1.132278877628399572e-01 -1.060312641967741110e-01 -1.883217261354439287e-01 -4.548126062774479061e-01 -1.083998052034929049e+00 -2.298631913589134879e+00 -4.941548598538147985e+00 -8.138911175609759852e+00 -2.355883672239107796e+01 -2.840278923230448171e+00 -2.436684560704330238e+02 7.665636785242667202e+02 -5.670911270031309869e+03 2.357415657328792440e+04 -5.239881180652923831e+03 7.045612647920146401e+02 -1.872106447812204237e+02 6.694216299801503567e+00 -1.222770915454915830e+01 -2.732698699098435657e+00 -1.633755804024308533e+00 -5.935932605344926838e-01 -2.376181487449386120e-01 -7.923269559239266846e-02 -2.597741778593406006e-02 -1.113380084022620557e-02 -9.226514597980814067e-03 -9.601152439894409044e-03 -9.145657634946241163e-03 -7.624594203209665404e-03 -5.652066974293686388e-03 -3.818803254379760700e-03 -2.439217345757745820e-03 -1.566506241685874500e-03 -1.097808703754800559e-03 -8.784740007405423580e-04 -7.742559432174511442e-04 -6.942005338728013961e-04 -6.006479508858972001e-04 -4.965513757890070322e-04 -3.909870141974502110e-04 -2.997198724278691455e-04 -2.309828061226635134e-04 -1.852837001750026746e-04 -1.572848621210746101e-04 -1.395308335580603722e-04 -1.255581968179770701e-04 -1.115565477728714690e-04 -9.649356887411030665e-05 -8.122966035170217072e-05 -6.729659801357100934e-05 -5.592019087570902373e-05 -4.744184259011129850e-05 -4.185445369511153893e-05 -3.634794401233766348e-05 -4.187935346880185922e-05
-8.711550833408446826e-01 -2.925203311925289040e-01 -2.439609105919338661e-01 -2.137911325472624524e-01 -1.929686011276476876e-01 -1.652381473902480302e-01 -1.301027852437172949e-01 -9.737146151981586339e-02 -9.317265858668971612e-02 -1.700482690143031717e-01 -4.198664907481348130e-01 -1.017181770637476168e+00 -2.181705539417762463e+00 -4.745085173342984852e+00 -7.850965118198227621e+00 -2.305031174515845294e+01 -2.399871922628315168e+00 -2.417879722043938671e+02 7.649884022717925518e+02 -5.659489326921499924e+03 2.357478406181466562e+04 -5.249553449200130672e+03 7.059924125084252182e+02 -1.882200250417991469e+02 6.584696373520688262e+00 -1.237416772162520928e+01 -2.788984746594329600e+00 -1.664479617995446192e+00 -6.068387484596378112e-01 -2.431779036038144715e-01 -8.124269838126847720e-02 -2.665813992452475967e-02 -1.143146356191119921e-02 -9.484471813222525305e-03 -9.886726499718145530e-03 -9.432004189473767314e-03 -7.873403367292955771e-03 -5.842857590632410079e-03 -3.951298945034762908e-03 -2.525832877167834452e-03 -1.622919673033753523e-03 -1.139118190707705432e-03 -9.111798830859975818e-04 -7.985123100131788932e-04 -7.173331099014632669e-04 -6.237572143881046655e-04 -5.156336660232140523e-04 -4.064202121330582999e-04 -3.116528421395600625e-04 -2.402620484869154218e-04 -1.928067776370387030e-04 -1.637782425861192455e-04 -1.454135551379938135e-04 -1.309671910059405646e-04 -1.164556773553171762e-04 -1.008004754227218177e-04 -8.490424760856839985e-05 -7.039747343617544636e-05 -5.849204733408592557e-05 -5.007454629180922229e-05 -4.245538821482850827e-05 -4.859810390538210574e-05
-5.628752598564041865e-01 -1.934233634137213775e-01 -1.716400124618675249e-01 -1.626777814681347745e-01 -1.611629508014685297e-01 -1.542223481040854161e-01 -1.374702670554420192e-01 -1.113072834114922777e-01 -8.508358660890659453e-02 -8.323357002825984563e-02 -1.558964287664840187e-01 -3.920495781716089034e-01 -9.625198426706897958e-01 -2.084040329566451355e+00 -4.578155010934780833e+00 -7.603345528324548575e+00 -2.260674482446292899e+01 -2.015245324243552627e+00 -2.401122283284774710e+02 7.635611773359984227e+02 -5.649172627505082346e+03 2.357532600577272024e+04 -5.258359386953668945e+03 7.072943485098318206e+02 -1.891470733134679847e+02 6.482328517961614800e+00 -1.251007585020854229e+01 -2.841548567520359558e+00 -1.693230542973065189e+00 -6.192828219625193809e-01 -2.484174892602686868e-01 -8.314394708279274071e-02 -2.730400263666864225e-02 -1.171390358292550248e-02 -9.728946881222163418e-03 -1.015793954304746588e-02 -9.704918437393236091e-03 -8.111488254141579340e-03 -6.026307069245714909e-03 -4.078946576144528748e-03 -2.610556501246104073e-03 -1.677271962458221554e-03 -1.171884671296921036e-03 -9.382079622578226152e-04 -8.258082243519214048e-04 -7.421734333484783551e-04 -6.462021836655216112e-04 -5.345769728354824585e-04 -4.215921750367202913e-04 -3.234061767694959458e-04 -2.493973145309445814e-04 -2.002141324759939786e-04 -1.701694651130425525e-04 -1.512016686481110054e-04 -1.362887736377517683e-04 -1.212786774503905440e-04 -1.050442297017756727e-04 -8.855286644075375418e-05 -7.341983699474123918e-05 -6.152158942386059994e-05 -5.068362568027225031e-05 -5.649835846438987854e-05
-4.580072308366297529e-01 -1.431381304469507287e-01 -1.241672099789595807e-01 -1.179652102859739538e-01 -1.228814130753089623e-01 -1.278852133203212116e-01 -1.273506151563321698e-01 -1.171608447120726648e-01 -9.730653409358556993e-02 -7.594619008090063017e-02 -7.581588815863957165e-02 -1.448573263295787616e-01 -3.694195059798595082e-01 -9.169014508838595479e-01 -2.001158238788236954e+00 -4.434526220215849968e+00 -7.388165929481357530e+00 -2.221648639370607015e+01 -1.676577676726158650e+00 -2.386095239879748249e+02 7.622621553534412442e+02 -5.639808133463632657e+03 2.357579728758386409e+04 -5.266410403988768849e+03 7.084838039766240172e+02 -1.900014737010910437e+02 6.386464337775286992e+00 -1.263653605122445889e+01 -2.890747830708920940e+00 -1.720193693582563688e+00 -6.309952159797829196e-01 -2.533616025936239469e-01 -8.494239567026073967e-02 -2.791555158584858864e-02 -1.198134566383713545e-02 -9.961207529198301200e-03 -1.041677432219802364e-02 -9.966464889917947892e-03 -8.339988365953145827e-03 -6.203886741789188704e-03 -4.201628766358875451e-03 -2.684241157016933280e-03 -1.724609825760929464e-03 -1.207801913581763725e-03 -9.670577196367918967e-04 -8.522711990834340228e-04 -7.667129495227332408e-04 -6.681711313120950509e-04 -5.531367667772120076e-04 -4.364543156704687879e-04 -3.349285630670749154e-04 -2.583595894159760936e-04 -2.074851966378439571e-04 -1.764448493041887648e-04 -1.568862905339822231e-04 -1.415191602156923279e-04 -1.260232063936170504e-04 -1.092510238460269476e-04 -9.210363578857705478e-05 -7.696732320780348105e-05 -6.220172599350558382e-05 -6.687318249452577936e-05
-4.734248384478575988e-01 -1.287534380010592894e-01 -9.981262806365570617e-02 -8.611501310543141774e-02 -8.841030914410255570e-02 -9.641230320605541360e-02 -1.048316766957567286e-01 -1.082485533782161641e-01 -1.025236404673748464e-01 -8.710029789372210340e-02 -6.918526461265850358e-02 -7.010941686286732699e-02 -1.359015491659165131e-01 -3.505198543456147231e-01 -8.781769255286433484e-01 -1.929937004477616735e+00 -4.309691351675089876e+00 -7.199528027869273927e+00 -2.187053420106445856e+01 -1.376197433110607049e+00 -2.372543561978310720e+02 7.610748940728371963e+02 -5.631269800140241387e+03 2.357620969157515719e+04 -5.273799597290149904e+03 7.095747325905836078e+02 -1.907914567673149975e+02 6.296522005177188852e+00 -1.275450170602772992e+01 -2.936892234520412703e+00 -1.745527313083917287e+00 -6.420348738567155378e-01 -2.580318492108368833e-01 -8.664497143634060372e-02 -2.849568420264350643e-02 -1.223600592367830690e-02 -1.018344341405842506e-02 -1.066458585833278926e-02 -1.021850664575116654e-02 -8.559036549778653927e-03 -6.365675946829701774e-03 -4.314019353974398938e-03 -2.759988568352409518e-03 -1.773308592982676983e-03 -1.242553102018059338e-03 -9.954877302480044047e-04 -8.781156353163225041e-04 -7.906841730090818270e-04 -6.896165601400716877e-04 -5.712616923059463938e-04 -4.509785777386580118e-04 -3.461996096301568995e-04 -2.671346991715304936e-04 -2.146102171857624098e-04 -1.825983963614992206e-04 -1.624662773236765819e-04 -1.466582857440045255e-04 -1.307224878193097945e-04 -1.133389505440227975e-04 -9.626973426685906212e-05 -7.774636523191939884e-05 -8.124493399850083808e-05
-5.212087100724923650e-01 -1.313773579593096319e-01 -9.068616164112917877e-02 -6.749188689238529160e-02 -6.336305833922689645e-02 -6.843534378638937987e-02 -7.857069892887560969e-02 -8.899863428896863382e-02 -9.479082713902124702e-02 -9.186760918306002832e-02 -7.939255267747423461e-02 -6.386506008509014454e-02 -6.542568651487723486e-02 -1.283807409886473239e-01 -3.344713561710555561e-01 -8.449326483372117114e-01 -1.868149023216500115e+00 -4.200257799293907190e+00 -7.032861630133790953e+00 -2.156176730874399539e+01 -1.108005753968954954e+00 -2.360259823621367161e+02 7.599856364317296311e+02 -5.623452900297066662e+03 2.357657263157667330e+04 -5.280605369005703324e+03 7.105788691736670444e+02 -1.915240527477563433e+02 6.211988062577573189e+00 -1.286479712385531649e+01 -2.980251664186467142e+00 -1.769370947489345092e+00 -6.524561756811636526e-01 -2.624503136529180991e-01 -8.826017781687381381e-02 -2.904817043563288903e-02 -1.247937581350795806e-02 -1.039759865628001392e-02 -1.090159018692852047e-02 -1.045028120893657687e-02 -8.763007709573495188e-03 -6.526435876023698596e-03 -4.425546853419856305e-03 -2.833059580686417538e-03 -1.820900939729338478e-03 -1.276388015402442387e-03 -1.023204465445937215e-03 -9.032935774952074700e-04 -8.140364195109928624e-04 -7.105143866997305942e-04 -5.889353557239294370e-04 -4.651537357893335920e-04 -3.572109960479007921e-04 -2.757168863852880992e-04 -2.215861104216893592e-04 -1.886318095769492923e-04 -1.679441409831584735e-04 -1.517487413921858141e-04 -1.352810232953046581e-04 -1.181718191519798533e-04 -9.709415087994153191e-05 -1.007300037074387134e-04
-5.400184158449422567e-01 -1.347598258289450512e-01 -8.775271551988211849e-02 -5.864577808763327127e-02 -4.862320491414478391e-02 -4.853811922115746497e-02 -5.564677199379031158e-02 -6.674360299987167067e-02 -7.797162185063856443e-02 -8.489542534427854670e-02 -8.363447082432275137e-02 -7.318259570586067853e-02 -5.943896504080540405e-02 -6.147152165180150979e-02 -1.220078461859797903e-01 -3.207401948626343868e-01 -8.161470384198519223e-01 -1.814081188759295138e+00 -4.103560669453412579e+00 -6.884546428526808093e+00 -2.128448832500088983e+01 -8.671214679511228818e-01 -2.349073864313916999e+02 7.589827693132762079e+02 -5.616269703579930137e+03 2.357689370683484594e+04 -5.286894204976704714e+03 7.115061631282347889e+02 -1.922052980850330925e+02 6.132407619809215227e+00 -1.296814264525990446e+01 -3.021067165628408713e+00 -1.791851556271591095e+00 -6.623102932175910507e-01 -2.666381223597224515e-01 -8.979511597627483355e-02 -2.957635963513303989e-02 -1.271167168426370203e-02 -1.059167344592714007e-02 -1.112165884759750908e-02 -1.067835094584401907e-02 -8.962569730343100324e-03 -6.681084879306331201e-03 -4.533593119057394843e-03 -2.903800523518871267e-03 -1.867091339106273637e-03 -1.309264993831931118e-03 -1.050156814599399442e-03 -9.277834592350677834e-04 -8.367581165972394052e-04 -7.308593124713431153e-04 -6.061547726328046564e-04 -4.789776801478464689e-04 -3.679614634936943622e-04 -2.841064382624609429e-04 -2.284178892928773934e-04 -1.945504865185063755e-04 -1.733745106905425996e-04 -1.566756230023312558e-04 -1.407662504080808949e-04 -1.188867420087146167e-04 -1.253423525587307654e-04
-5.064705298689566870e-01 -1.298623378988264243e-01 -8.432090968902324069e-02 -5.490201709121743379e-02 -4.187366994975368767e-02 -3.727567724209061156e-02 -3.962099360316011926e-02 -4.738575569769837292e-02 -5.847222343529415167e-02 -6.970835039381441389e-02 -7.710195201566015510e-02 -7.693286015563322033e-02 -6.802709532899638145e-02 -5.573575676586203786e-02 -5.816033212882028985e-02 -1.166046338318772052e-01 -3.088980082632485913e-01 -7.909910584233784681e-01 -1.766365902842824909e+00 -4.017488345572497899e+00 -6.751708675340624133e+00 -2.103411664750163723e+01 -6.496129553499515596e-01 -2.338844818112822281e+02 7.580564318712649765e+02 -5.609646149817782316e+03 2.357717911671068941e+04 -5.292722850769583602e+03 7.123651047638848013e+02 -1.928404096584025353e+02 6.057371222686048107e+00 -1.306517434127289157e+01 -3.059555719869143431e+00 -1.813083655646527959e+00 -6.716424784465314657e-01 -2.706142266763451043e-01 -9.125495534509488194e-02 -3.006810854082973133e-02 -1.292613683548391595e-02 -1.078389367461097224e-02 -1.133663705290979991e-02 -1.089725140366146552e-02 -9.155025362878611503e-03 -6.830182911271586582e-03 -4.637949460994328366e-03 -2.972231601227195725e-03 -1.911853351295223196e-03 -1.341171737923885568e-03 -1.076337243701763324e-03 -9.515845247527214210e-04 -8.588523859002048129e-04 -7.506558462239562796e-04 -6.229242323362631445e-04 -4.924543463017846913e-04 -3.784554174585767479e-04 -2.923123646388362451e-04 -2.351141107069957073e-04 -2.004234629123010768e-04 -1.786157166206751780e-04 -1.627638704050025085e-04 -1.411454114043316540e-04 -1.536545191531663685e-04
-4.296319563534568564e-01 -1.153034783142991571e-01 -7.739761492823153677e-02 -5.233129044209232361e-02 -3.953357931309239848e-02 -3.252832625747411471e-02 -3.070283345527653057e-02 -3.383481360952791256e-02 -4.145246796753532942e-02 -5.210979935707426430e-02 -6.310922756616202389e-02 -7.075492990956269712e-02 -7.141872266079155041e-02 -6.376438409577225852e-02 -5.266777799324613013e-02 -5.538961207091228078e-02 -1.119729623110613664e-01 -2.985652339031317215e-01 -7.687989373964054796e-01 -1.723934159250894327e+00 -3.940382348345085717e+00 -6.632061212007878126e+00 -2.080693286189647040e+01 -4.522707921030154066e-01 -2.329454924564062708e+02 7.571982107753531182e+02 -5.603519280113572677e+03 2.357743395881723336e+04 -5.298140037601168842e+03 7.131629771751042881e+02 -1.934339236707935754e+02 5.986508619617080917e+00 -1.315645469665867218e+01 -3.095909993897036472e+00 -1.833169475491108757e+00 -6.804920346605501935e-01 -2.743790210490131831e-01 -9.263675740033350259e-02 -3.054455943566260906e-02 -1.313582309662431231e-02 -1.096809925045463124e-02 -1.154357923587640174e-02 -1.110776281858674545e-02 -9.340337556723556783e-03 -6.973918065462110516e-03 -4.738699591209617583e-03 -3.038402566371058502e-03 -1.955207770368785729e-03 -1.372118687573333200e-03 -1.101754311995872425e-03 -9.747065606049236906e-04 -8.803298870161250546e-04 -7.699143083846300218e-04 -6.392532711730933119e-04 -5.055930091705563862e-04 -3.887066294309758749e-04 -3.003466180063251519e-04 -2.417596639908430761e-04 -2.060751707323523905e-04 -1.852902521499402873e-04 -1.625935120443016194e-04 -1.832593662796826249e-04
-3.357792781329586584e-01 -9.499924835786174859e-02 -6.724457749982529209e-02 -4.870234738115861856e-02 -3.836130646846517417e-02 -3.118463342321618065e-02 -2.697907626713372253e-02 -2.621196118149273641e-02 -2.947383908222127313e-02 -3.676479198042959667e-02 -4.700188323550204966e-02 -5.777448577430391308e-02 -6.558981280017697757e-02 -6.689407430355207018e-02 -6.023213488959426598e-02 -5.009353605118298247e-02 -5.301854323714751821e-02 -1.079315030106433315e-01 -2.894511278052922520e-01 -7.490715183498621865e-01 -1.685963998135035169e+00 -3.870928056368863945e+00 -6.523752095229979453e+00 -2.059986987262353608e+01 -2.724364502360969720e-01 -2.320804910054623065e+02 7.564008838960676258e+02 -5.597835237471022992e+03 2.357766244951662156e+04 -5.303187853829964297e+03 7.139060618609321409e+02 -1.939898018732594664e+02 5.919488038168856825e+00 -1.324248151201913437e+01 -3.130300687557251216e+00 -1.852182239254315910e+00 -6.888860296998838839e-01 -2.779683085901571427e-01 -9.395898569912572440e-02 -3.099980323672734198e-02 -1.333744534707481146e-02 -1.114505174625654398e-02 -1.174248217073266785e-02 -1.131024188642265962e-02 -9.518779885560515325e-03 -7.112500768306679461e-03 -4.835973080105848525e-03 -3.102385076438532192e-03 -1.997191839465300815e-03 -1.402127390826621691e-03 -1.126424484768625851e-03 -9.971651511176751748e-04 -9.012059525951783860e-04 -7.886495722323599031e-04 -6.551564007770803054e-04 -5.184128132284045350e-04 -3.987307006928142352e-04 -3.083102956336367735e-04 -2.481404165587856132e-04 -2.134415352203905818e-04 -1.844798725164813267e-04 -2.122523040844795882e-04
-2.523757177773946481e-01 -7.467947593064452882e-02 -5.595372988393665370e-02 -4.350720702547594687e-02 -3.634360015674499567e-02 -3.051348686678779024e-02 -2.584518627195433321e-02 -2.290884804659096274e-02 -2.267803070397046011e-02 -2.598751110507276085e-02 -3.303428483421176620e-02 -4.293375884819219251e-02 -5.348196571275637412e-02 -6.136660625749888742e-02 -6.312689911283905775e-02 -5.723706739677940358e-02 -4.787184360348428064e-02 -5.094246556011657739e-02 -1.043655493871246814e-01 -2.813581937122234811e-01 -7.314344452647472128e-01 -1.651803120185001195e+00 -3.808052672779065340e+00 -6.425250861272053804e+00 -2.041036868028880846e+01 -1.078903642939435387e-01 -2.312810559177264054e+02 7.556582097940624863e+02 -5.592547684486426988e+03 2.357786809894151156e+04 -5.307902838158151098e+03 7.145998087356352926e+02 -1.945115182154323463e+02 5.856012540364972985e+00 -1.332367680532534315e+01 -3.162871671132530427e+00 -1.870226715456096089e+00 -6.968721273144821149e-01 -2.813868547030973777e-01 -9.522172051352362221e-02 -3.143550794563205325e-02 -1.353097423775998648e-02 -1.131505114185966249e-02 -1.193368173025498996e-02 -1.150505835071209335e-02 -9.690663906832087254e-03 -7.246155626433509016e-03 -4.929911334682891139e-03 -3.164259740051368706e-03 -2.037850027760450527e-03 -1.431225029031685204e-03 -1.150368655274727411e-03 -1.018979641185638156e-03 -9.214998733220049849e-04 -8.068811061336131438e-04 -6.706583996869792345e-04 -5.309334027291588666e-04 -4.086449123057284659e-04 -3.159499340911039382e-04 -2.565017948259210251e-04 -2.121039769818376869e-04 -2.414614200171215851e-04
-1.966639090278829716e-01 -5.894669241446660879e-02 -4.586987600434720008e-02 -3.740333909223979292e-02 -3.286146739482474072e-02 -2.890038664041097091e-02 -2.511643644439728873e-02 -2.177849747703639038e-02 -1.969821704905891022e-02 -1.990536697518924258e-02 -2.328377722215811685e-02 -3.012328295101595818e-02 -3.969024760334758511e-02 -4.996928753572973253e-02 -5.782717000974258587e-02 -5.990723546043585923e-02 -5.463841519586903200e-02 -4.592469109837277880e-02 -4.911489782897610068e-02 -1.012097669001866124e-01 -2.741386583666196031e-01 -7.155825704518565811e-01 -1.620910384059824016e+00 -3.750863951074149938e+00 -6.335282947707584711e+00 -2.023628451492022506e+01 4.322645354320844846e-02 -2.305400021117499421e+02 7.549647656273414214e+02 -5.587616533432271353e+03 2.357805385224593556e+04 -5.312316863514573924e+03 7.152489703906060186e+02 -1.950021096220733341e+02 5.795824320140167352e+00 -1.340045954279684892e+01 -3.193777743922910251e+00 -1.887366877779547814e+00 -7.044751340452560795e-01 -2.846467626358841208e-01 -9.642831676330650137e-02 -3.185276341670135319e-02 -1.371675573574746357e-02 -1.147841711958211275e-02 -1.211755145430313575e-02 -1.169258672001488586e-02 -9.856302306983458564e-03 -7.375107615238779731e-03 -5.020657615566454998e-03 -3.224110056654091224e-03 -2.077230016563754930e-03 -1.459441871002104983e-03 -1.173610696715148526e-03 -1.040172883840162531e-03 -9.412353021170777843e-04 -8.246392637126987628e-04 -6.857836807657816678e-04 -5.432896224869630938e-04 -4.181586734836365525e-04 -3.258236084822178870e-04 -2.549340193995499552e-04 -2.765338604077905642e-04
-1.717541006585525942e-01 -4.970933599923661045e-02 -3.849001434552384859e-02 -3.146688277456196475e-02 -2.834096202113978169e-02 -2.594822313343528308e-02 -2.357774508945030198e-02 -2.103713306535126212e-02 -1.868216554913443295e-02 -1.728047866746782943e-02 -1.782493155232336979e-02 -2.121109344694074167e-02 -2.780739282734070311e-02 -3.701884759336965258e-02 -4.700258473924345815e-02 -5.478782756365027651e-02 -5.711294212351255423e-02 -5.236888462293125962e-02 -4.421967483402600152e-02 -4.750924527050820467e-02 -9.840698964365654500e-02 -2.676609938041020209e-01 -7.012554980900771451e-01 -1.592834538402240652e+00 -3.698621765425925467e+00 -6.252787713761541966e+00 -2.007581282765048059e+01 1.824805495829615321e-01 -2.298511600937731885e+02 7.543158222296842723e+02 -5.583006925011339263e+03 2.357822219662673524e+04 -5.316457834546347840e+03 7.158577195788004701e+02 -1.954643078947257493e+02 5.738662330829300551e+00 -1.347317101058221844e+01 -3.223138286567663879e+00 -1.903669044281034228e+00 -7.117211712476178009e-01 -2.877585807291909714e-01 -9.758225423631751438e-02 -3.225261840804706515e-02 -1.389517778187516171e-02 -1.163547933597032340e-02 -1.229446221513878605e-02 -1.187319188030277334e-02 -1.001599871531844502e-02 -7.499575938455529944e-03 -5.108352831439205710e-03 -3.282019554086386317e-03 -2.115380848165186994e-03 -1.486810326602018518e-03 -1.196177722705615495e-03 -1.060772263779774256e-03 -9.604482315597478613e-04 -8.419545136707667389e-04 -7.006899565518458694e-04 -5.551545675392195907e-04 -4.302013457483312882e-04 -3.243428380939155351e-04 -3.285305083789493439e-04
-1.692713367040996897e-01 -4.614515168137593715e-02 -3.406916866146201400e-02 -2.658358409107849235e-02 -2.367835453528455841e-02 -2.213493239658862258e-02 -2.100513280936991758e-02 -1.969578283630123161e-02 -1.807016872906181196e-02 -1.643256298969569817e-02 -1.549715712093706170e-02 -1.622972855356780847e-02 -1.954355716973959003e-02 -2.587576330279050749e-02 -3.474557700985365927e-02 -4.445145310467792099e-02 -5.215756853655263009e-02 -5.468319611887504511e-02 -5.038758135608888827e-02 -4.272513671092140891e-02 -4.608964922421120158e-02 -9.589703327322032789e-02 -2.618102660777218982e-01 -6.882389500877280630e-01 -1.567206695287166385e+00 -3.650714270782949633e+00 -6.176877586071215731e+00 -1.992742240928548370e+01 3.112060749176265850e-01 -2.292092004862150247e+02 7.537072382568447892e+02 -5.578688376173719917e+03 2.357837525466929583e+04 -5.320350358302414861e+03 7.164296953807702266e+02 -1.959005005092446083e+02 5.684312393722281698e+00 -1.354212666363958739e+01 -3.251065127335377891e+00 -1.919192749699592637e+00 -7.186344560516935154e-01 -2.907319922037850946e-01 -9.868679881112472907e-02 -3.263607564132380706e-02 -1.406662569930562656e-02 -1.178656121490937424e-02 -1.246477141252786379e-02 -1.204722316899503598e-02 -1.017004386170373975e-02 -7.619771368999167169e-03 -5.193133631699316070e-03 -3.338070572920899363e-03 -2.152352510787547846e-03 -1.513365908966782724e-03 -1.218102169912231841e-03 -1.080820518063902239e-03 -9.791772486851999489e-04 -8.590189620587735959e-04 -7.150060109068110629e-04 -5.699984102370689787e-04 -4.288547101373790197e-04 -4.117209692521264439e-04
-1.755667859985919343e-01 -4.575221133384202443e-02 -3.184762281593186972e-02 -2.313336459405195694e-02 -1.971069725992708258e-02 -1.829065743898238353e-02 -1.784295734783512832e-02 -1.756376574058020335e-02 -1.697429200606599686e-02 -1.594311717547399615e-02 -1.475491882523427556e-02 -1.409641582889304898e-02 -1.491546178902516430e-02 -1.813182338397476001e-02 -2.422518695590441737e-02 -3.279648438271221683e-02 -4.225524886950530329e-02 -4.987977258964750027e-02 -5.256378460395973867e-02 -4.864566514406163528e-02 -4.139977221355983089e-02 -4.481811295513733751e-02 -9.363027484581303017e-02 -2.564975547792739952e-01 -6.763629935314320329e-01 -1.543724784291837571e+00 -3.606629111644139574e+00 -6.106798740561372618e+00 -1.978980327618343793e+01 4.305476976887524510e-01 -2.286094664188416630e+02 7.531353831111184718e+02 -5.574634192997285027e+03 2.357851480379609347e+04 -5.324016134347542902e+03 7.169681348666994154e+02 -1.963128235917256177e+02 5.632575756040502313e+00 -1.360760969166116219e+01 -3.277660058032664470e+00 -1.933992093005261204e+00 -7.252371520825094953e-01 -2.935758959497243858e-01 -9.974497922171235431e-02 -3.300407933576174346e-02 -1.423147031313575644e-02 -1.193197316526255040e-02 -1.262881914346317136e-02 -1.221501220069709168e-02 -1.031871415128722894e-02 -7.735895240406914439e-03 -5.275131873788014777e-03 -3.392344515358801903e-03 -2.188197890667288852e-03 -1.539150872385833257e-03 -1.239436870054349974e-03 -1.100367309121931493e-03 -9.976672444607906278e-04 -8.753922421295739966e-04 -7.330576806746895305e-04 -5.682513427218709341e-04 -5.381772874889073893e-04
-1.783386032709366742e-01 -4.574837893535146915e-02 -3.061786105310897524e-02 -2.097851364006657338e-02 -1.689042812960329584e-02 -1.513533443057648968e-02 -1.476400795017337661e-02 -1.498217956728158454e-02 -1.519346527992745076e-02 -1.500172979668440779e-02 -1.430922156182879053e-02 -1.339540223312341016e-02 -1.291903011475176513e-02 -1.379602214416000491e-02 -1.693091715921560964e-02 -2.282208018068016334e-02 -3.113033324985933076e-02 -4.035934960611568117e-02 -4.789153685946848787e-02 -5.069396078383332782e-02 -4.709406880419556712e-02 -4.020959518728675630e-02 -4.366975830313576251e-02 -9.157431559766684992e-02 -2.516558448718320129e-01 -6.654889226653021295e-01 -1.522133128772610977e+00 -3.565931520586219428e+00 -6.041905205637548626e+00 -1.966179598984626153e+01 5.415054084093320341e-01 -2.280479571195833728e+02 7.525970129998861466e+02 -5.570820808763827699e+03 2.357864239345876922e+04 -5.327474416546360771e+03 7.174759021840376363e+02 -1.967031848708173811e+02 5.583271138247278387e+00 -1.366987558933638880e+01 -3.303015589112213934e+00 -1.948116335304670654e+00 -7.315495397529034882e-01 -2.962984687858337685e-01 -1.007595970526144469e-01 -3.335751263578574238e-02 -1.439006379225162696e-02 -1.207200995057919161e-02 -1.278692694918844713e-02 -1.237687234362240020e-02 -1.046227148938561578e-02 -7.848139687954966068e-03 -5.354475715316232495e-03 -3.444925078805709511e-03 -2.222978298851017304e-03 -1.564234738753969740e-03 -1.260246374883107652e-03 -1.119733266531787019e-03 -1.015362751866311303e-03 -8.966970169438452090e-04 -7.296396789907286847e-04 -7.104682534432409102e-04
-1.708783268088371055e-01 -4.421400276171125188e-02 -2.930439036808447917e-02 -1.965607454399230167e-02 -1.521068633732700418e-02 -1.301290062149470551e-02 -1.230689017016589094e-02 -1.247210109290919355e-02 -1.299572081555060155e-02 -1.342343427938499055e-02 -1.343656068184794460e-02 -1.295904528642168735e-02 -1.225061007676723872e-02 -1.192671130436550632e-02 -1.285804076071281679e-02 -1.592337454844526545e-02 -2.163105917661081734e-02 -2.969364187155617771e-02 -3.870078846417319279e-02 -4.613202455798976614e-02 -4.902471001624865432e-02 -4.570015329235452978e-02 -3.913628825055628230e-02 -4.263146481993534270e-02 -8.970577820351953446e-02 -2.472274718519684167e-01 -6.554996939847056447e-01 -1.502212046175087190e+00 -3.528214857566191576e+00 -5.981626662075130163e+00 -1.954246594072650467e+01 6.449045652495082326e-01 -2.275211177331724173e+02 7.520892811590385918e+02 -5.567227388145946861e+03 2.357875935298639160e+04 -5.330742338112397192e+03 7.179555440613631845e+02 -1.970732940209449566e+02 5.536233279111366201e+00 -1.372915545254691061e+01 -3.327215933086379529e+00 -1.961610410211594324e+00 -7.375901987948410010e-01 -2.989072296065051204e-01 -1.017332426922166189e-01 -3.369719911703743243e-02 -1.454273831142212196e-02 -1.220694982860648543e-02 -1.293939775635299591e-02 -1.253309920545232076e-02 -1.060096432966376769e-02 -7.956689712931060837e-03 -5.431294282895905191e-03 -3.495905601039850808e-03 -2.256789879210321231e-03 -1.588701415716858379e-03 -1.280949015040595048e-03 -1.138185073013949595e-03 -1.039658063393951058e-03 -8.897935840501281900e-04 -9.159396830212560361e-04
-1.531196157358589716e-01 -4.058715774976811436e-02 -2.733211400124387416e-02 -1.863564871579689169e-02 -1.432682401604423034e-02 -1.185428733450776158e-02 -1.068908700746111322e-02 -1.045022329795051302e-02 -1.082195841339906803e-02 -1.145340103315877801e-02 -1.198579605830527028e-02 -1.214038384353112975e-02 -1.183789499675760165e-02 -1.130478538527484623e-02 -1.110941756315015315e-02 -1.207926016590051520e-02 -1.507040088151140496e-02 -2.060138565307999617e-02 -2.843200684498342970e-02 -3.722941233982326320e-02 -4.456064764973957648e-02 -4.752710598058239311e-02 -4.444554355163336107e-02 -3.816860381585322065e-02 -4.169038321986209134e-02 -8.800468282659887342e-02 -2.431605456446242208e-01 -6.462569985762063318e-01 -1.483756835486261583e+00 -3.493205089053231127e+00 -5.925514945652852639e+00 -1.943094747502485475e+01 7.414946835954550064e-01 -2.270258330224261840e+02 7.516096491412164369e+02 -5.563835431580520890e+03 2.357886683149970850e+04 -5.333835196420603097e+03 7.184093329561218297e+02 -1.974246877195376442e+02 5.491311292472241590e+00 -1.378565880330964788e+01 -3.350337896405576554e+00 -1.974515379059628151e+00 -7.433761763449876492e-01 -3.014091001669705894e-01 -1.026683121252641301e-01 -3.402390576099379588e-02 -1.468980594090940443e-02 -1.233705462838839868e-02 -1.308651672118730201e-02 -1.268397236618157807e-02 -1.073503067429740394e-02 -8.061729171973300301e-03 -5.505726237912745777e-03 -3.545420624712419463e-03 -2.289740748721529832e-03 -1.613080772187763410e-03 -1.300569567353914617e-03 -1.165245001885266115e-03 -1.027535866174152145e-03 -1.127793454350139307e-03
-1.298471689057042744e-01 -3.550233546398470080e-02 -2.469635663353570224e-02 -1.752738962737249856e-02 -1.376991905102550699e-02 -1.131054133532808856e-02 -9.806117611858440261e-03 -9.085185584991148366e-03 -9.040402081132515102e-03 -9.497743272421725266e-03 -1.019261585318313040e-02 -1.081076126312220664e-02 -1.108619399502458816e-02 -1.092753602684823355e-02 -1.053174287375029973e-02 -1.042982945380709070e-02 -1.141562404900564251e-02 -1.432756537385131666e-02 -1.969296629110685315e-02 -2.731151771052925392e-02 -3.591715612165419236e-02 -4.315389516977444911e-02 -4.618184644813930900e-02 -4.331292779832864731e-02 -3.729665770469107328e-02 -4.083199435859972276e-02 -8.641107372934932196e-02 -2.393920586954277896e-01 -6.377254586220652000e-01 -1.466640274390182519e+00 -3.460607416350098386e+00 -5.873146512597203106e+00 -1.932649923369596934e+01 8.319245275405670048e-01 -2.265593494641946393e+02 7.511558503610334583e+02 -5.560628457574408458e+03 2.357896582685062822e+04 -5.336766692491837603e+03 7.188393030394639709e+02 -1.977587509792789149e+02 5.448367182399367792e+00 -1.383957603963533245e+01 -3.372451666072147081e+00 -1.986868833565942793e+00 -7.489231378342450229e-01 -3.038104606504602456e-01 -1.035670230519058904e-01 -3.433834645588530049e-02 -1.483155929449932013e-02 -1.246257071275232164e-02 -1.322855335107010408e-02 -1.282975904607210234e-02 -1.086470497971398809e-02 -8.163449615780204310e-03 -5.577954879518114140e-03 -3.593607624206403544e-03 -2.322473469473850666e-03 -1.636114120903780188e-03 -1.330851145531266591e-03 -1.147177552336784041e-03 -1.318002086967390730e-03
-1.074785912692190065e-01 -3.020228593964020825e-02 -2.178994140950707425e-02 -1.617657668721299985e-02 -1.314826682450835095e-02 -1.095572153206916810e-02 -9.357084079981627112e-03 -8.298722115282651177e-03 -7.815880893298291984e-03 -7.897972249621307630e-03 -8.430439942060150016e-03 -9.186175607232087079e-03 -9.873967061099980097e-03 -1.023730145881605359e-02 -1.018001992822390421e-02 -9.880755177260534122e-03 -9.843066604889755614e-03 -1.083267044697844295e-02 -1.367042304053457322e-02 -1.888758368264967236e-02 -2.631540158811260244e-02 -3.474609903746406214e-02 -4.189014699727142133e-02 -4.497242808563609029e-02 -4.228376281507019441e-02 -3.646460875940431279e-02 -4.002312611231334527e-02 -8.496499254609052310e-02 -2.359214225783894670e-01 -6.298107870314351153e-01 -1.450714548837048090e+00 -3.430182265780512552e+00 -5.824158926426299843e+00 -1.922846989089522651e+01 9.167626712612667594e-01 -2.261192249939780936e+02 7.507258551772191595e+02 -5.557591734810148409e+03 2.357905720895063132e+04 -5.339549133924948364e+03 7.192472806297663510e+02 -1.980767354070530644e+02 5.407274526418074601e+00 -1.389108056288058890e+01 -3.393621501048869504e+00 -1.998705250943606737e+00 -7.542455014714070094e-01 -3.061171998304613173e-01 -1.044314299697859799e-01 -3.464118584584401084e-02 -1.496827302111131304e-02 -1.258373121747159012e-02 -1.336576542531071887e-02 -1.297072143911806932e-02 -1.099022658796266344e-02 -8.262087711928765496e-03 -5.648152879802349931e-03 -3.641214321831036903e-03 -2.353448117730766714e-03 -1.671574787624808146e-03 -1.307916954584208450e-03 -1.484231101545394190e-03
-9.103633903338695377e-02 -2.585553712394433185e-02 -1.912058124762578901e-02 -1.464315644044125383e-02 -1.226542118915665940e-02 -1.046449359226410067e-02 -9.010359505899966787e-03 -7.862747049984870201e-03 -7.101058436179694296e-03 -6.809008309185232179e-03 -7.005385281176779166e-03 -7.600684253401576544e-03 -8.393775551550028760e-03 -9.117415753712958607e-03 -9.531014748420354316e-03 -9.540917430425333717e-03 -9.313012973387303772e-03 -9.326303899434047404e-03 -1.031867633185112008e-02 -1.309115536587110266e-02 -1.817585850871163838e-02 -2.542729247030242265e-02 -3.370087965686960341e-02 -4.074698249271541811e-02 -4.383265693926058360e-02 -4.131951975982586789e-02 -3.572552825861394221e-02 -3.929404071805391724e-02 -8.363025475491357719e-02 -2.327063667889860410e-01 -6.224494802958983053e-01 -1.435858944475332688e+00 -3.401719803133449904e+00 -5.778235664229744550e+00 -1.913628573934241928e+01 9.965099685235557780e-01 -2.257032861635171059e+02 7.503178408249634685e+02 -5.554712055808241530e+03 2.357914173897806540e+04 -5.342193607647812314e+03 7.196349100728176609e+02 -1.983797748900215652e+02 5.367917310436996381e+00 -1.394033062909658049e+01 -3.413906340319358801e+00 -2.010056307172470191e+00 -7.593565579702631352e-01 -3.083347602898722783e-01 -1.052634383481038383e-01 -3.493304369269462778e-02 -1.510020650628357726e-02 -1.270076003346117671e-02 -1.349840670953163409e-02 -1.310712539927813211e-02 -1.111188114041371938e-02 -8.357859101271096144e-03 -5.717175444473670230e-03 -3.686466180027342648e-03 -2.398241203015706851e-03 -1.646648551635964243e-03 -1.686045008465777073e-03
-8.238079546322642222e-02 -2.307848353943805705e-02 -1.705729486373083748e-02 -1.310679508923010862e-02 -1.113445120371875895e-02 -9.703827784404501361e-03 -8.535312108291386035e-03 -7.525292633965371784e-03 -6.711760738776098231e-03 -6.189021077949705997e-03 -6.048796975803555527e-03 -6.323487139730786001e-03 -6.946468268254435939e-03 -7.744815453630215368e-03 -8.477513858009702238e-03 -8.920658784623827428e-03 -8.982636472657311300e-03 -8.815954709464444636e-03 -8.874655920855848562e-03 -9.870066470923822763e-03 -1.258022959838812557e-02 -1.754926215737654185e-02 -2.462864807056131672e-02 -3.271080042113139880e-02 -3.968045689756118793e-02 -4.281761480006585768e-02 -4.045199030509792626e-02 -3.504696643462302391e-02 -3.862464708016071641e-02 -8.239539542064211464e-02 -2.297186237284838672e-01 -6.155854548374251056e-01 -1.421969234576097474e+00 -3.375036381138124764e+00 -5.735098546999131131e+00 -1.904943946514474007e+01 1.071609374154027572e+00 -2.253095921653228686e+02 7.499301657653575148e+02 -5.551977544840698101e+03 2.357922008529415689e+04 -5.344710127592208664e+03 7.200036758481350034e+02 -1.986688991200726093e+02 5.330188897426390682e+00 -1.398747096452735228e+01 -3.433360338620453867e+00 -2.020951153854425808e+00 -7.642685773202710919e-01 -3.104681793427545577e-01 -1.060648181929694928e-01 -3.521450024229579728e-02 -1.522760872207324680e-02 -1.281388114656562688e-02 -1.362673917790432551e-02 -1.323929362053632465e-02 -1.122993924236854839e-02 -8.451773795248545065e-03 -5.783063449449035894e-03 -3.747091348079703219e-03 -2.374471843995848864e-03 -2.076502099812345924e-03
-8.014198193350129118e-02 -2.179469274691709854e-02 -1.570026539662119219e-02 -1.175384051040318303e-02 -9.910205762828958043e-03 -8.727516345439681467e-03 -7.858735758754111997e-03 -7.109479387891999048e-03 -6.431731630696822452e-03 -5.867747119261077990e-03 -5.512836789315002373e-03 -5.465855041112650976e-03 -5.775680069154538916e-03 -6.399043330964361044e-03 -7.188153652036880295e-03 -7.922883710302126500e-03 -8.390760401000060126e-03 -8.498625410588673407e-03 -8.386127152778678762e-03 -8.480487435756542056e-03 -9.482796938604331344e-03 -1.212408618364892859e-02 -1.693648270659955934e-02 -2.387623461543964334e-02 -3.183918211744874577e-02 -3.872459710491302914e-02 -4.188836000720774777e-02 -3.965765490658825637e-02 -3.442276766546067263e-02 -3.800668980752926890e-02 -8.124939728313479437e-02 -2.269347405482396995e-01 -6.091700048292103542e-01 -1.408954388261382640e+00 -3.349970580215742455e+00 -5.694502046616191748e+00 -1.896748079604332560e+01 1.142454066831347648e+00 -2.249364045002117223e+02 7.495613477449369384e+02 -5.549377494191977348e+03 2.357929283670388031e+04 -5.347107761437686349e+03 7.203549215292185863e+02 -1.989450452959768540e+02 5.293991113225348322e+00 -1.403263417936005908e+01 -3.452033339500907072e+00 -2.031416663412241252e+00 -7.689929042157425121e-01 -3.125221264118031583e-01 -1.068372180910140828e-01 -3.548610505792794412e-02 -1.535073276713788334e-02 -1.292334124490540290e-02 -1.375111457275267693e-02 -1.336757153095317376e-02 -1.134570395621433553e-02 -8.541646003487193134e-03 -5.867558916093089556e-03 -3.724518841484184863e-03 -2.905881147171703559e-03
-8.095151763075618401e-02 -2.141246635419047015e-02 -1.489416655023130358e-02 -1.069414380468899223e-02 -8.785955403543970615e-03 -7.700513335607580764e-03 -7.045379971699359048e-03 -6.555450364952812754e-03 -6.099474630848467777e-03 -5.643512204644129601e-03 -5.236644504355822231e-03 -4.980528476309282505e-03 -4.983619272960407645e-03 -5.308155337059741394e-03 -5.926908812866236824e-03 -6.708608941239984844e-03 -7.446474079907114581e-03 -7.936550918045810060e-03 -8.079476220773165740e-03 -8.019391613065810637e-03 -8.131109665397257338e-03 -9.082123435745360907e-03 -1.168071424056375297e-02 -1.641378481171218429e-02 -2.321223739931193783e-02 -3.104480779749404368e-02 -3.785250374451911565e-02 -4.103558373258613806e-02 -3.892632556915825298e-02 -3.384640997063173562e-02 -3.743419404017773316e-02 -8.018287374768719167e-02 -2.243345066536623356e-01 -6.031606258458424019e-01 -1.396734477520178430e+00 -3.326379924872794991e+00 -5.656228622133855133e+00 -1.889000869773677493e+01 1.209394236217195218e+00 -2.245821612759126538e+02 7.492100449597151055e+02 -5.546902223999987655e+03 2.357936051355749805e+04 -5.349394739804249184e+03 7.206898661082075250e+02 -1.992090682831182278e+02 5.259233434833225473e+00 -1.407594200830578757e+01 -3.469971293824928082e+00 -2.041477646665568191e+00 -7.735400440212718554e-01 -3.145009394360681054e-01 -1.075821851938725954e-01 -3.574840365214444760e-02 -1.546987911224068958e-02 -1.302954533204346392e-02 -1.387198660785618314e-02 -1.349382392469412884e-02 -1.145648746442200737e-02 -8.657601886332643576e-03 -5.838394474078875337e-03 -4.469464614381218025e-03
-8.120838853985555550e-02 -2.117438856859556184e-02 -1.434467830639946442e-02 -9.931157262050698334e-03 -7.902251758612123533e-03 -6.799792387005592319e-03 -6.230170836611065299e-03 -5.905925528772411510e-03 -5.649775520220724247e-03 -5.364847881451885285e-03 -5.036367301705107873e-03 -4.722748927443392621e-03 -4.530023629346829200e-03 -4.569550368277596267e-03 -4.908089077136661670e-03 -5.525657128871840074e-03 -6.302665253635417186e-03 -7.037926360768807961e-03 -7.552646976209110609e-03 -7.710370196069437840e-03 -7.632898819681112855e-03 -7.781983749239449258e-03 -8.756687693620396340e-03 -1.130178343262346237e-02 -1.594035084885266768e-02 -2.261067243011220806e-02 -3.031909135753094522e-02 -3.705224079351244343e-02 -4.024999154156651271e-02 -3.825052363907486402e-02 -3.331244515061561329e-02 -3.690221228935310765e-02 -7.918777584366779032e-02 -2.219003356630808999e-01 -5.975200336424904002e-01 -1.385239018568914515e+00 -3.304138176997269305e+00 -5.620084841799773301e+00 -1.881666482157994480e+01 1.272742788665815139e+00 -2.242454553294528807e+02 7.488750398255010623e+02 -5.544542961809092048e+03 2.357942357708217969e+04 -5.351578550666750743e+03 7.210096181026198110e+02 -1.994617494628223255e+02 5.225832268803610070e+00 -1.411750640174722449e+01 -3.487216630723561916e+00 -2.051157047412750067e+00 -7.779197445535406263e-01 -3.164086702682863961e-01 -1.083012146063952880e-01 -3.600201299327975002e-02 -1.558561528222552478e-02 -1.313311305643577974e-02 -1.399218550215158667e-02 -1.361420997851512348e-02 -1.160817419692834057e-02 -8.601981852583484578e-03 -6.980063715685906264e-03
-7.856349466013513860e-02 -2.049800837951613885e-02 -1.376649321914461162e-02 -9.382629801360776317e-03 -7.299367965223551441e-03 -6.135792441450830040e-03 -5.540985538250445958e-03 -5.256466690655644224e-03 -5.107624655361109843e-03 -4.970447042545194163e-03 -4.778618477142376059e-03 -4.530539280075514957e-03 -4.286351777071178981e-03 -4.147985632267483028e-03 -4.221726637693481651e-03 -4.574843938842774668e-03 -5.186187249097833595e-03 -5.965602263675796012e-03 -6.680836082340438180e-03 -7.146044447746289531e-03 -7.341410601919491283e-03 -7.325993423292207971e-03 -7.492281963845537178e-03 -8.464139557194281030e-03 -1.096250330242139019e-02 -1.551087251933766682e-02 -2.206161900710333634e-02 -2.965326523325151342e-02 -3.631501835986618992e-02 -3.952380994610817794e-02 -3.762405550945613353e-02 -3.281628676078696821e-02 -3.640653615685705835e-02 -7.825713489556361535e-02 -2.196168329583433609e-01 -5.922153762041793001e-01 -1.374405611835169072e+00 -3.283133085093504100e+00 -5.585898134927242076e+00 -1.874712797304631096e+01 1.332780168497532003e+00 -2.239250155248173257e+02 7.485552249446687938e+02 -5.542291738674630324e+03 2.357948243726851069e+04 -5.353666021271086720e+03 7.213151877884110945e+02 -1.997038044635399956e+02 5.193710309255075153e+00 -1.415743048805111748e+01 -3.503808589311104615e+00 -2.060476123738468779e+00 -7.821410888521179716e-01 -3.182491717952757315e-01 -1.089958659594879170e-01 -3.624794853318832194e-02 -1.569883103455292639e-02 -1.323831789501988057e-02 -1.410563458280674441e-02 -1.379999163914307977e-02 -1.149356189899269388e-02 -1.037183869759669003e-02
-7.258200287969385212e-02 -1.917274688078194483e-02 -1.299457247582523622e-02 -8.930809664619066002e-03 -6.921021926173026584e-03 -5.719805149419106109e-03 -5.044612544657702154e-03 -4.699147016485625238e-03 -4.549923963184042928e-03 -4.484400325621205712e-03 -4.414244843281647096e-03 -4.288551117419014437e-03 -4.107488744768256900e-03 -3.924496071307240035e-03 -3.834731515077979911e-03 -3.931944615270225978e-03 -4.305449568222031315e-03 -4.892040350576203761e-03 -5.594363771988184950e-03 -6.319888754442789559e-03 -6.827698942303155744e-03 -7.038312975943007525e-03 -7.051740812599834561e-03 -7.235826473236695380e-03 -8.201198333957234951e-03 -1.065532656367823919e-02 -1.511922977690610681e-02 -2.155819161577555987e-02 -2.904006996952094438e-02 -3.563358073273330956e-02 -3.885048776378113855e-02 -3.704166411414525767e-02 -3.235401825330069120e-02 -3.594354252213263073e-02 -7.738487480167381694e-02 -2.174704567140055278e-01 -5.872175897755613772e-01 -1.364178813518770017e+00 -3.263264499460819756e+00 -5.553514055792045490e+00 -1.868110941923730195e+01 1.389758450879126306e+00 -2.236196907004857906e+02 7.482495909302501786e+02 -5.540141299221594636e+03 2.357953745954678743e+04 -5.355663389440123865e+03 7.216074978445433317e+02 -1.999358899345094756e+02 5.162795965052506375e+00 -1.419580942813247226e+01 -3.519783525673532587e+00 -2.069454635730649361e+00 -7.862126369166276829e-01 -3.200262568688241882e-01 -1.096681976069634468e-01 -3.648757334003455144e-02 -1.581565237441187599e-02 -1.333547897988800537e-02 -1.431811896916968148e-02 -1.358821735746985199e-02 -1.410077527461674196e-02
-6.450109337315372560e-02 -1.736160655842945363e-02 -1.202176058460176049e-02 -8.474845472097231047e-03 -6.655842981331371554e-03 -5.479233586566265198e-03 -4.731218001131847796e-03 -4.283216414888019186e-03 -4.058116675716811131e-03 -3.980520745680135239e-03 -3.970909760707645210e-03 -3.956176587820692779e-03 -3.888265597846688945e-03 -3.765520791943267540e-03 -3.627098208493485538e-03 -3.587457776143435171e-03 -3.683197600194857389e-03 -3.985919562179146211e-03 -4.583062868595651727e-03 -5.314642973062780155e-03 -6.028888954040400976e-03 -6.544856860582156689e-03 -6.771651172404677399e-03 -6.806824718130879796e-03 -7.005459110028536968e-03 -7.963293829485551187e-03 -1.037556740587732527e-02 -1.476046649433883362e-02 -2.109482501023513673e-02 -2.847344519556597661e-02 -3.500179460398104847e-02 -3.822443438858295212e-02 -3.649883588525753425e-02 -3.192226211392826252e-02 -3.551008666271085468e-02 -7.656566774267481446e-02 -2.154492435170334841e-01 -5.825008660402607452e-01 -1.354509192150664676e+00 -3.244442784770316113e+00 -5.522793967366911971e+00 -1.861834889041456975e+01 1.443904831523016075e+00 -2.233284358385193400e+02 7.479572158078707389e+02 -5.538085023520435243e+03 2.357958897047895516e+04 -5.357576365839463506e+03 7.218873926449925875e+02 -2.001586094992755989e+02 5.133022842270881902e+00 -1.423273118766468492e+01 -3.535175215373845603e+00 -2.078111074075083664e+00 -7.901426162212816795e-01 -3.217442013264100176e-01 -1.103204521149371703e-01 -3.672902138241586345e-02 -1.592159779256316007e-02 -1.356882982747905329e-02 -1.398316923789035687e-02 -1.710263253394104718e-02
-5.635921342091164410e-02 -1.544893474403704649e-02 -1.096313380728810606e-02 -7.964287728276850734e-03 -6.391685900943619436e-03 -5.303579636437734217e-03 -4.534091844600510700e-03 -4.003513115711456252e-03 -3.682141708006373467e-03 -3.537322352288152505e-03 -3.518620388345090541e-03 -3.558632921334842995e-03 -3.592205204575755866e-03 -3.563915177017450576e-03 -3.499736837791791056e-03 -3.374328960900614075e-03 -3.277975429569342583e-03 -3.409361600729896892e-03 -3.759662421893024409e-03 -4.343493531281092390e-03 -5.068000316787258340e-03 -5.775142055288303919e-03 -6.293720884050679927e-03 -6.533343617924478562e-03 -6.586476749292276625e-03 -6.797035123338669889e-03 -7.746826122883649496e-03 -1.011958410589576529e-02 -1.443053192725700026e-02 -2.066687734353546760e-02 -2.794825955385465618e-02 -3.441441602942740124e-02 -3.764083610461196883e-02 -3.599166466692223926e-02 -3.151808410278788414e-02 -3.510342145663238739e-02 -7.579481920486265401e-02 -2.135425827292629086e-01 -5.780422076214386529e-01 -1.345352535182121390e+00 -3.226587476499224394e+00 -5.493613071549429350e+00 -1.855861115848864884e+01 1.495424614762090432e+00 -2.230503001036247497e+02 7.476772557642208312e+02 -5.536116859006306186e+03 2.357963726262037017e+04 -5.359410188511315937e+03 7.221556463909824970e+02 -2.003725190094286575e+02 5.104329265305375785e+00 -1.426827724758421567e+01 -3.550015170436981560e+00 -2.086462877513873160e+00 -7.939394183991473897e-01 -3.234070123452147949e-01 -1.109625792517614506e-01 -3.695277254870622807e-02 -1.619280194361404079e-02 -1.312474843951704981e-02 -1.821293473516554309e-02
-4.997455087114614086e-02 -1.382850046702398771e-02 -9.977498481947464151e-03 -7.404852673611015020e-03 -6.058652046957129465e-03 -5.095856496671795008e-03 -4.368318491304907722e-03 -3.814078381238951692e-03 -3.426350795537144722e-03 -3.203489758291995938e-03 -3.127305942504231707e-03 -3.159553847519018348e-03 -3.230548671823521480e-03 -3.314985160376215673e-03 -3.291279237697123522e-03 -3.163563812949866157e-03 -3.091502607022578349e-03 -3.069389290309756761e-03 -3.206502507838892863e-03 -3.562022408404658374e-03 -4.137705821594356119e-03 -4.850933718695104278e-03 -5.549898457249263783e-03 -6.068937932563278279e-03 -6.318724151453998170e-03 -6.386984743597975793e-03 -6.607425494227100321e-03 -7.548932241190344124e-03 -9.884409314142680869e-03 -1.412605019978948294e-02 -2.027042107470554758e-02 -2.746012465276197884e-02 -3.386692525660575659e-02 -3.709551927011097566e-02 -3.551674833336565529e-02 -3.113891948135742715e-02 -3.472113386736445928e-02 -7.506817460339551551e-02 -2.117410292760088519e-01 -5.738210551304578910e-01 -1.336669178501360689e+00 -3.209626138574792176e+00 -5.465858726625590691e+00 -1.850168309696046975e+01 1.544503782937554970e+00 -2.227844164626566226e+02 7.474089370466468836e+02 -5.534231260965751972e+03 2.357968259868476525e+04 -5.361169670779416265e+03 7.224129702419083969e+02 -2.005781311996533702e+02 5.076657834340743136e+00 -1.430252325634453925e+01 -3.564332869473669341e+00 -2.094526874643534597e+00 -7.976104391975912256e-01 -3.250263049148988115e-01 -1.115716354016432904e-01 -3.734865289045895959e-02 -1.572231232147354787e-02 -1.760422021120029018e-02
-4.621988094956023391e-02 -1.273057344097096137e-02 -9.187673451944364245e-03 -6.840587311526226226e-03 -5.646225019605345501e-03 -4.807671919198684522e-03 -4.168332169166768554e-03 -3.655153207492053882e-03 -3.257553531976097125e-03 -2.982910038058431482e-03 -2.840660175689469977e-03 -2.808096292300285481e-03 -2.894467682946519176e-03 -2.958185684493397187e-03 -2.956192567475290564e-03 -2.984921889662722153e-03 -2.942251946622388876e-03 -2.887329671898188673e-03 -2.888855257423744282e-03 -3.035293582601940321e-03 -3.390163818569822893e-03 -3.956868944825935909e-03 -4.658112787745210918e-03 -5.348221507502423124e-03 -5.866372749965476779e-03 -6.124292116013633526e-03 -6.205430503590458023e-03 -6.434128024618087846e-03 -7.367274674276796768e-03 -9.667575592640999943e-03 -1.384417043938336589e-02 -1.990210070684699309e-02 -2.700525874416730837e-02 -3.335540138197256449e-02 -3.658484412383020828e-02 -3.507110760680297312e-02 -3.078251477529193522e-02 -3.436109429629006368e-02 -7.438204297935033238e-02 -2.100361476680787931e-01 -5.698189729126227343e-01 -1.328423437312567179e+00 -3.193493387837437414e+00 -5.439429004106789201e+00 -1.844737114516927079e+01 1.591311213135820024e+00 -2.225299926482313708e+02 7.471515488463634256e+02 -5.532423140364332539e+03 2.357972521511870946e+04 -5.362859243453255658e+03 7.226600185830686769e+02 -2.007759198167377690e+02 5.049955016881675363e+00 -1.433553955548640069e+01 -3.578156249209685225e+00 -2.102318109386769773e+00 -8.011701342945760640e-01 -3.265796000637880558e-01 -1.123342615270360723e-01 -3.700773640659586750e-02 -2.005993734666161946e-02
-4.482545293500236894e-02 -1.215271038343928092e-02 -8.632546553151397573e-03 -6.325023442431006691e-03 -5.193200585320020997e-03 -4.447303549574656290e-03 -3.909316433130595111e-03 -3.479853121621554607e-03 -3.124851279935803808e-03 -2.847111725705265672e-03 -2.645844171754854323e-03 -2.582037428669613829e-03 -2.546727690113082931e-03 -2.529957038237006656e-03 -2.644181164165884668e-03 -2.727780569199653952e-03 -2.768046399793686572e-03 -2.752327769470632769e-03 -2.717153138492563701e-03 -2.733623261647897922e-03 -2.886585346697127710e-03 -3.239037717925581129e-03 -3.796294839100293125e-03 -4.485489373820037914e-03 -5.166459292971903663e-03 -5.682798722788014525e-03 -5.947266480309501904e-03 -6.039455138341231696e-03 -6.275092514858376762e-03 -7.199911534192427950e-03 -9.467004638484016743e-03 -1.358246209010430423e-02 -1.955902798576553830e-02 -2.658038255173194100e-02 -3.287642451723456205e-02 -3.610562096484786626e-02 -3.465212181377232831e-02 -3.044688190711264397e-02 -3.402141655772478873e-02 -7.373313490756702726e-02 -2.084203819149058889e-01 -5.660193835599729439e-01 -1.320583121826526707e+00 -3.178130059290174447e+00 -5.414231449300423549e+00 -1.839549911847422337e+01 1.636000589429481566e+00 -2.222863032757850021e+02 7.469044370215300432e+02 -5.530687817989311043e+03 2.357976532517736996e+04 -5.364482992114614717e+03 7.228973945208635996e+02 -2.009663233991392133e+02 5.024170577198368903e+00 -1.436739255376794766e+01 -3.591511760063443415e+00 -2.109861074348063248e+00 -8.046009229590481704e-01 -3.282804143072650671e-01 -1.122779778589440836e-01 -4.204201017927181039e-02
-4.469299787443413441e-02 -1.190191051036057664e-02 -8.264634135108294213e-03 -5.895198394252905427e-03 -4.760129763964690217e-03 -4.063025146833732296e-03 -3.607747123042565410e-03 -3.267869711153508546e-03 -2.988831272287133332e-03 -2.732426885312769747e-03 -2.562764714220194633e-03 -2.374308848468303750e-03 -2.203125546774094105e-03 -2.232104305469864193e-03 -2.311222148868454819e-03 -2.429738606857191098e-03 -2.533680992411732179e-03 -2.589298430173483500e-03 -2.590451759187387560e-03 -2.570692187834833480e-03 -2.598416114390057416e-03 -2.755791343064137051e-03 -3.104898863305089775e-03 -3.652615852824085338e-03 -4.329959011303300721e-03 -5.001743176725937171e-03 -5.515626813784854643e-03 -5.785383711364168804e-03 -5.887116847657573003e-03 -6.128614078084973493e-03 -7.045210629677457412e-03 -9.280929939078317106e-03 -1.333883819334034937e-02 -1.923870256916539179e-02 -2.618263888976784387e-02 -3.242699961946982762e-02 -3.565504485793718342e-02 -3.425747925972998792e-02 -3.013026334091870734e-02 -3.370042740178591512e-02 -7.311851309740867444e-02 -2.068869486744052133e-01 -5.624073466502350627e-01 -1.313119130458868300e+00 -3.163482499855564178e+00 -5.390182027160119738e+00 -1.834590632643142172e+01 1.678712044144873516e+00 -2.220526829543829024e+02 7.466669985437039259e+02 -5.529020984038021197e+03 2.357980312151897306e+04 -5.366044690326252748e+03 7.231256541947266214e+02 -2.011497498234503212e+02 4.999253804541862856e+00 -1.439814911667164843e+01 -3.604451313560081083e+00 -2.117142982421725605e+00 -8.083361817665638549e-01 -3.284229432390629033e-01 -1.229546535020702019e-01
-4.449594484481710771e-02 -1.170931125389501962e-02 -7.984903211719338034e-03 -5.558464014135858222e-03 -4.398627213666166796e-03 -3.714187528208529737e-03 -3.302830293598713572e-03 -3.033658565644649450e-03 -2.809025920678266414e-03 -2.658253845728585866e-03 -2.422682060130120722e-03 -2.138579053263347553e-03 -2.039143529100184444e-03 -1.989731834664282793e-03 -2.027668792484551771e-03 -2.127551507280449512e-03 -2.255956163270139963e-03 -2.370000061365191719e-03 -2.436802977756375062e-03 -2.450544070925082026e-03 -2.442876887086654642e-03 -2.479388154745805050e-03 -2.639715063756279713e-03 -2.984945214241768122e-03 -3.523240672726224518e-03 -4.189067340561141231e-03 -4.851762452405131501e-03 -5.362741923757192997e-03 -5.636774820213350141e-03 -5.746798376027296984e-03 -5.993261317970001618e-03 -6.901789624946461088e-03 -9.107841407517284008e-03 -1.311149933896797563e-02 -1.893895334629674618e-02 -2.580953282663559292e-02 -3.200449967078657088e-02 -3.523064703704389261e-02 -3.388514069816048885e-02 -2.983110725127499294e-02 -3.339664586776203842e-02 -7.253555835120530093e-02 -2.054297596962231520e-01 -5.589693911466415699e-01 -1.306005131310483902e+00 -3.149501996996649567e+00 -5.367204248244702214e+00 -1.829844596476618079e+01 1.719573572716599719e+00 -2.218285202406870837e+02 7.464386765402218771e+02 -5.527418662606488397e+03 2.357983877780977491e+04 -5.367547830837743277e+03 7.233453069506840620e+02 -2.013265898030875576e+02 4.975139938681599538e+00 -1.442795266204810645e+01 -3.616942271385391372e+00 -2.125402780965681249e+00 -8.077133619492506966e-01 -3.594297556873433663e-01
-4.326421884695452746e-02 -1.135601798067813022e-02 -7.693014269104763402e-03 -5.294314994461895262e-03 -4.131413129672222191e-03 -3.441035702135196179e-03 -3.042983361889133650e-03 -2.781444659590393258e-03 -2.662638630292565693e-03 -2.455656111781555438e-03 -2.166918608655974028e-03 -2.041682729679391087e-03 -1.909323162383573264e-03 -1.830175102018334176e-03 -1.812907020458135506e-03 -1.865645281219872019e-03 -1.974902635062359205e-03 -2.109466800478361492e-03 -2.229838180339943545e-03 -2.304731773997312824e-03 -2.328221273375105215e-03 -2.330225405546242426e-03 -2.373716781766665833e-03 -2.535952042137135098e-03 -2.877008868499278914e-03 -3.406120238903154098e-03 -4.060838622605250983e-03 -4.714631053445927748e-03 -5.222399036284334009e-03 -5.499884991470187223e-03 -5.617145475885568402e-03 -5.867828788318304144e-03 -6.768477422682963457e-03 -8.946450930663008352e-03 -1.289889973726184892e-02 -1.865790319577511139e-02 -2.545889544883396527e-02 -3.160663083797236872e-02 -3.483026534949411335e-02 -3.353331938771340198e-02 -2.954806027189452872e-02 -3.310878806409266878e-02 -7.198197832732755597e-02 -2.040434144298058361e-01 -5.556934526031848121e-01 -1.299217383574168494e+00 -3.136144377707930975e+00 -5.345228477686083224e+00 -1.825298373981622291e+01 1.758702251986141718e+00 -2.216132524533343826e+02 7.462189552725662907e+02 -5.525877182082648687e+03 2.357987244529089730e+04 -5.368995663263958704e+03 7.235567897765777161e+02 -2.014972550511058103e+02 4.951536922798426055e+00 -1.445669156170026959e+01 -3.632575414291340454e+00 -2.121010971688128244e+00 -8.972980308854904274e-01
-4.072026093059485929e-02 -1.075464479427340296e-02 -7.328676360539274764e-03 -5.068440326062052803e-03 -3.944730458681024177e-03 -3.261868293967355031e-03 -2.824855177315763882e-03 -2.631089157376496901e-03 -2.391607494917263443e-03 -2.100885484646603917e-03 -2.021540152224941475e-03 -1.910440083370643950e-03 -1.810648380323719121e-03 -1.721973223868432596e-03 -1.667989060450496535e-03 -1.668317316331338835e-03 -1.731124382827452148e-03 -1.845801593017840992e-03 -1.983872127415314650e-03 -2.108288619631238075e-03 -2.189122511560556879e-03 -2.220299008473956143e-03 -2.230152967629426674e-03 -2.279255294041282204e-03 -2.442638570667678057e-03 -2.779379558308295219e-03 -3.299612256073445812e-03 -3.943667421683360631e-03 -4.588798821707839627e-03 -5.093150936525263871e-03 -5.373416466211346221e-03 -5.497023971574530217e-03 -5.751306525411698824e-03 -6.644293227244519977e-03 -8.795676840469005692e-03 -1.269973238760984877e-02 -1.839395070437378765e-02 -2.512886014961464992e-02 -3.123140522032509178e-02 -3.445202044672283220e-02 -3.320047262214342876e-02 -2.927998861145565679e-02 -3.283582874049831984e-02 -7.145590793149017572e-02 -2.027233140859729665e-01 -5.525689408303758876e-01 -1.292734663347151480e+00 -3.123369654139569462e+00 -5.324191230812745701e+00 -1.820939656426343234e+01 1.796205072692757199e+00 -2.214063624595870863e+02 7.460073516453087450e+02 -5.524393159013272452e+03 2.357990422988475984e+04 -5.370391280778336295e+03 7.237604062422363995e+02 -2.016626737780423468e+02 4.928902714152782139e+00 -1.449332863593060949e+01 -3.616294654092454319e+00 -2.343390946189309876e+00
-3.726680974164500726e-02 -9.960769250243578857e-03 -6.890014797664681563e-03 -4.844935491875258272e-03 -3.815035241889405248e-03 -3.120138643929568686e-03 -2.763263491419260930e-03 -2.380519214241756925e-03 -1.987000260327485314e-03 -1.905422377773850111e-03 -1.823512024574014054e-03 -1.767374807280838473e-03 -1.704113353965805606e-03 -1.634520802768014590e-03 -1.571050651301325856e-03 -1.535352232684058030e-03 -1.547742166471206349e-03 -1.617251855989758997e-03 -1.735061662430473738e-03 -1.874930184065732620e-03 -2.001858005124537102e-03 -2.087087654742011099e-03 -2.124403180272501756e-03 -2.140705278701113528e-03 -2.194364224041582458e-03 -2.358339854525908896e-03 -2.690729301159963064e-03 -3.202428694050357336e-03 -3.836281435090841806e-03 -4.473026613241387096e-03 -4.973835982346234107e-03 -5.256331569870834053e-03 -5.385541294687761806e-03 -5.642922204474863992e-03 -6.528508638082014016e-03 -8.654721554384552790e-03 -1.251301479233118269e-02 -1.814585614029898264e-02 -2.481794553488386734e-02 -3.087722789669261961e-02 -3.409442975927268887e-02 -3.288548206306647625e-02 -2.902627449431813972e-02 -3.257745772100299753e-02 -7.095653844930639720e-02 -2.014664157889758944e-01 -5.495874906490181289e-01 -1.286538819101645137e+00 -3.111142198480959742e+00 -5.304035075712199010e+00 -1.816757273494857472e+01 1.832175429780581899e+00 -2.212073874254845975e+02 7.458033782029423264e+02 -5.522963543684051729e+03 2.357993401241827814e+04 -5.371737846762493064e+03 7.239549675424633506e+02 -2.018219363494894480e+02 4.883897107538183846e+00 -1.444718310846905673e+01 -4.190772756435521273e+00
-3.369233902933981700e-02 -9.124261566780858188e-03 -6.416505807998442758e-03 -4.621365449704608296e-03 -3.654687970701734050e-03 -3.127636559842577289e-03 -2.561051381098230183e-03 -1.986096795401157394e-03 -1.822137413737595548e-03 -1.691815927884478179e-03 -1.635361590163142854e-03 -1.604482159002490601e-03 -1.577753543342670433e-03 -1.540443533332250606e-03 -1.492452595639199653e-03 -1.446790436280290856e-03 -1.424464091306840846e-03 -1.445539761687481776e-03 -1.519546083567623398e-03 -1.639008192319549783e-03 -1.779540726608557204e-03 -1.907911694011933624e-03 -1.996401164721345583e-03 -2.038672579109747189e-03 -2.060330231238916877e-03 -2.117725668480246407e-03 -2.281885819982334626e-03 -2.609955278046818816e-03 -3.113478329183715261e-03 -3.737583406037517028e-03 -4.366232747696401593e-03 -4.863436127640437777e-03 -5.147726395953316179e-03 -5.281932419877360778e-03 -5.542026207167616639e-03 -6.420510808825719007e-03 -8.522890339490685543e-03 -1.233784938252737926e-02 -1.791244826004807431e-02 -2.452473755700803476e-02 -3.054260307178462489e-02 -3.375618833397374396e-02 -3.258753141487461674e-02 -2.878674733917541834e-02 -3.233392667559474576e-02 -7.048364443501357879e-02 -2.002701543622837088e-01 -5.467410628008603224e-01 -1.280612116431188996e+00 -3.099427977145222890e+00 -5.284707439689353414e+00 -1.812741540662362993e+01 1.866679152538615938e+00 -2.210159514487507693e+02 7.456064779811116523e+02 -5.521585773621453882e+03 2.357996144496024135e+04 -5.373040458701163516e+03 7.241442318854547011e+02 -2.020170671148503914e+02 4.993289219686814384e+00 -1.548020684439724270e+01
-3.078630571153046294e-02 -8.398525898888106744e-03 -5.997108982402344496e-03 -4.331561821341524572e-03 -3.638787787783057202e-03 -2.889454194497289435e-03 -2.129648493186916697e-03 -1.878578626826154889e-03 -1.654595945796836489e-03 -1.530148451108132241e-03 -1.464287219374664582e-03 -1.440202095944750427e-03 -1.434575149943758147e-03 -1.427715323617539641e-03 -1.407900746878931004e-03 -1.375503351288771652e-03 -1.343077869063127915e-03 -1.330819261157160146e-03 -1.358307351958228625e-03 -1.435320908825893360e-03 -1.555444814416361834e-03 -1.695875358337825675e-03 -1.824941323580096808e-03 -1.915865449287842276e-03 -1.962218031678065067e-03 -1.988427677849121528e-03 -2.048980869801097192e-03 -2.213087051061393262e-03 -2.536958395967001557e-03 -3.032691840858227784e-03 -3.647516298593602921e-03 -4.268411751933525594e-03 -4.762088167284907539e-03 -5.047994848789791149e-03 -5.186943061432011670e-03 -5.449743033624907494e-03 -6.321731638553720889e-03 -8.401760757988008602e-03 -1.217576870315308611e-02 -1.769510891108124276e-02 -2.425058838128543726e-02 -3.022931965436075064e-02 -3.344035806895256230e-02 -3.231201536110465261e-02 -2.857004967057461334e-02 -3.211731490222766161e-02 -7.005152681249851576e-02 -1.991479583099269313e-01 -5.440373881236966191e-01 -1.274952046637101377e+00 -3.088213166237560703e+00 -5.266201020863571003e+00 -1.808895011910769668e+01 1.899469161527732819e+00 -2.208324059921558273e+02 7.454144032922336010e+02 -5.520260134940772332e+03 2.357997516471854397e+04 -5.374296508061932400e+03 7.241744634720489557e+02 -2.016839535805769117e+02 1.256978248817934407e+00
-2.891852529371455663e-02 -7.923748477500859588e-03 -5.573025377820770010e-03 -4.278722575884653760e-03 -3.268584863235053910e-03 -2.296688939033093325e-03 -2.012476105178009553e-03 -1.727567011242388262e-03 -1.538063807039839574e-03 -1.403989194321104582e-03 -1.324718255453169371e-03 -1.290561671425964488e-03 -1.287597770584452935e-03 -1.297898746255536986e-03 -1.304518105616384299e-03 -1.297149281497408328e-03 -1.276321098511888283e-03 -1.253959801096403859e-03 -1.249394679384219480e-03 -1.281644967301873118e-03 -1.360600517962736074e-03 -1.480703690979819900e-03 -1.620507876036909878e-03 -1.749713812209230824e-03 -1.842385562660190344e-03 -1.892011735215206507e-03 -1.921957080938589127e-03 -1.985006610219391173e-03 -2.148697445161332036e-03 -2.468367594076424729e-03 -2.956597427484277188e-03 -3.562525922209310199e-03 -4.175897718756588564e-03 -4.665905050238935113e-03 -4.952836973538391786e-03 -5.095626267169531091e-03 -5.360278966118404466e-03 -6.225450110107677744e-03 -8.283769110003462791e-03 -1.201857226739940637e-02 -1.748516145365798524e-02 -2.398618484188864627e-02 -2.992663793740580822e-02 -3.313315232898391555e-02 -3.203973503174976922e-02 -2.834897680018890267e-02 -3.189055831799087609e-02 -6.961331077756711949e-02 -1.980457753189031056e-01 -5.414192551545925491e-01 -1.269498650928222006e+00 -3.077417807295492302e+00 -5.248359542029489511e+00 -1.805177648130578660e+01 1.931465353924734174e+00 -2.206543755693818980e+02 7.452315172704105635e+02 -5.518975423413450699e+03 2.358000098774469734e+04 -5.375496520353682172e+03 7.243130054967866727e+02 -2.015319202043283155e+02
-2.846477315542712827e-02 -7.552789629006803097e-03 -5.663381563111555966e-03 -3.797122754145784446e-03 -2.440802608633166164e-03 -2.126606770541566820e-03 -1.816261881513796207e-03 -1.612083613171544187e-03 -1.446591459194516939e-03 -1.319232250151946510e-03 -1.229678685807003959e-03 -1.179381057415024954e-03 -1.164588231517168756e-03 -1.175046757213236677e-03 -1.195826710471204314e-03 -1.211946793414854853e-03 -1.213981426105029343e-03 -1.202341298740403075e-03 -1.188167677368582188e-03 -1.189837284011800635e-03 -1.225766003171029073e-03 -1.305946388386505569e-03 -1.425692585439421222e-03 -1.564929616571760721e-03 -1.694713312430965466e-03 -1.789872710966330157e-03 -1.843673526197601217e-03 -1.878243183961639468e-03 -1.944530969786796961e-03 -2.108397371413655609e-03 -2.424502078150030104e-03 -2.906308608566424059e-03 -3.505374009489108187e-03 -4.114631640643059106e-03 -4.605863028278613797e-03 -4.899814447162902792e-03 -5.052682591792097277e-03 -5.324636945841317373e-03 -6.187038509716261993e-03 -8.226869168965460916e-03 -1.192727217899016562e-02 -1.735187130861393784e-02 -2.382069851682397377e-02 -2.976138455097796301e-02 -3.301917711358366009e-02 -3.202802988641794552e-02 -2.845337935334595406e-02 -3.203253496374971337e-02 -6.955279344948324394e-02 -1.973164611603263618e-01 -5.392598632510265944e-01 -1.264956804058116724e+00 -3.068958122055035265e+00 -5.236452767474498060e+00 -1.802848909530272792e+01 1.931953856418142879e+00 -2.205364130699806822e+02 7.448808485139990125e+02 -5.517756188234535330e+03 2.357803650976375502e+04 -5.370402958369940279e+03 6.761575055410619370e+02
-2.698603022758658265e-02 -7.920726718515524317e-03 -4.931991638097214109e-03 -2.542370978191444038e-03 -2.152036274634578934e-03 -1.778303772283336198e-03 -1.577744799198429072e-03 -1.424507935184868984e-03 -1.300622195459469766e-03 -1.195013369858108094e-03 -1.109743930058587277e-03 -1.050494827843197112e-03 -1.021390303366084698e-03 -1.020997503767465727e-03 -1.041137241087698555e-03 -1.068794177838962387e-03 -1.090559721696251648e-03 -1.098029033342357019e-03 -1.091952992827094826e-03 -1.083162205055397068e-03 -1.089278097694605825e-03 -1.127854492584734469e-03 -1.208288646132837625e-03 -1.325856738459065421e-03 -1.461101981634212307e-03 -1.586204145846561303e-03 -1.677241792321888325e-03 -1.728348091811724233e-03 -1.761671240042532970e-03 -1.827101564322300507e-03 -1.988505756562531594e-03 -2.298181788599248671e-03 -2.767735255160369296e-03 -3.348283985880746039e-03 -3.934315232969486445e-03 -4.401009067345793002e-03 -4.673247240090833664e-03 -4.810058345242433468e-03 -5.070637541451007528e-03 -5.919422642829167205e-03 -7.929900100394429024e-03 -1.156717123275738911e-02 -1.687757852806276784e-02 -2.317297710379751657e-02 -2.889124202232980568e-02 -3.191261516538597409e-02 -3.072735026965861885e-02 -2.705522428634892992e-02 -3.062969520837808407e-02 -6.806490792530593692e-02 -1.951355521008846516e-01 -5.345387539751759176e-01 -1.253533060202173033e+00 -3.041427814912812888e+00 -5.178141259755937753e+00 -1.789264577046167304e+01 2.141256132813188273e+00 -2.197884207824693021e+02 7.447791217781672231e+02 -5.509888070675848212e+03 2.355704809891124023e+04 -5.209473814622828286e+03
-3.612951869428898677e-02 -7.830335616440177449e-03 -3.929224061993486991e-03 -2.911165214659930736e-03 -2.266899277921705785e-03 -1.941025274401886715e-03 -1.739526906211532383e-03 -1.606693599288259392e-03 -1.503751909084527060e-03 -1.412708147706718750e-03 -1.328633441107225036e-03 -1.256016061519864280e-03 -1.203667051952649275e-03 -1.179262884050876056e-03 -1.184747881582408520e-03 -1.214160736558862665e-03 -1.254836221275457651e-03 -1.291798011740254637e-03 -1.313895541420855885e-03 -1.319281586887886219e-03 -1.317745325366634834e-03 -1.328304612428752446e-03 -1.372215700761234610e-03 -1.463619759261186896e-03 -1.601556318441298577e-03 -1.767365945107635073e-03 -1.930076643122002888e-03 -2.059421696448477963e-03 -2.142601840945640435e-03 -2.197988481019833018e-03 -2.278255351671718953e-03 -2.457900809277291290e-03 -2.805526426877957488e-03 -3.348869495129348957e-03 -4.047062781825119977e-03 -4.787620325650607418e-03 -5.422049128892385446e-03 -5.841822494697457464e-03 -6.079351282575193478e-03 -6.397107472024435998e-03 -7.314257046082794055e-03 -9.518806969763132092e-03 -1.363281506445065266e-02 -1.985041731465135226e-02 -2.753948383512208262e-02 -3.500798440958619723e-02 -3.976007024972259829e-02 -3.971220057708303719e-02 -3.607927976723569741e-02 -3.881034327424259800e-02 -7.669724131417515745e-02 -2.119894417699192402e-01 -5.815145047247293197e-01 -1.383984441826945799e+00 -3.353952329207700700e+00 -5.943365706715717067e+00 -1.924382659983752930e+01 -2.317126179058142998e+00 -2.201625637242468088e+02 6.932273745080927938e+02 -5.346847591247826131e+03 2.230847492492198944e+04
