2.016428621896448385e+04 -6.725782211010588981e+03 7.495745162143967946e+02 -3.665434278031908661e+02 -3.933858881416527709e+01 -4.745480055639959716e+01 -1.939766591393321704e+01 -1.057596540642574823e+01 -4.802357396409104418e+00 -2.067457364713956913e+00 -7.471562445115037532e-01 -2.129017899745302145e-01 -4.961659747775910845e-02 -3.811755317768382445e-02 -6.627273679214618074e-02 -8.698859871784508924e-02 -8.823696474764342046e-02 -7.414960641154499932e-02 -5.356848005438844679e-02 -3.412854414128878994e-02 -2.004888899506573896e-02 -1.220591122646145360e-02 -9.273276919999766041e-03 -9.067985645096051858e-03 -9.604223167340341510e-03 -9.644800794311597647e-03 -8.787155156910333303e-03 -7.241130537047793525e-03 -5.488548504511175236e-03 -3.984236352312783488e-03 -2.980843347307833915e-03 -2.493611440847356194e-03 -2.366918313888535796e-03 -2.383246050734361913e-03 -2.361425635538876629e-03 -2.210735468745048116e-03 -1.935113007036647547e-03 -1.600648927734462908e-03 -1.289319109448843143e-03 -1.060372315635133011e-03 -9.316015190128243634e-04 -8.822719246465282996e-04 -8.705851287940988672e-04 -8.550666343631627229e-04 -8.105100145185334740e-04 -7.335322568826837001e-04 -6.381360801580171363e-04 -5.454241043990151229e-04 -4.729385494701963976e-04 -4.279824587155279473e-04 -4.066621591663082975e-04 -3.977533209736073779e-04 -3.887468270814917626e-04 -3.711362433624062823e-04 -3.429636446592913921e-04 -3.081561132512709595e-04 -2.735455207268431394e-04 -2.455635367092924267e-04 -2.265201992539216504e-04 -2.201023357518305953e-04 -2.019433652807861156e-04 -2.762658447809103576e-04
-3.663542246739044003e+03 2.313791057320514301e+04 -6.192255981462863929e+03 7.857528770239257483e+02 -2.998955747070244229e+02 -1.756594909539635907e+01 -3.330287959118041385e+01 -1.227647657410334858e+01 -6.725187992847782681e+00 -2.896705338059603285e+00 -1.200132514342719947e+00 -4.177044508332929396e-01 -1.301297167545477362e-01 -5.733886053035260055e-02 -6.124106483789929639e-02 -7.665232615148641349e-02 -8.080644026820787973e-02 -7.163326367563321861e-02 -5.497433366902953339e-02 -3.748947515967500366e-02 -2.359310220652136025e-02 -1.485213938774160650e-02 -1.067363995246926010e-02 -9.409887747474952185e-03 -9.327168378725714248e-03 -9.197099496904453594e-03 -8.476743902098831523e-03 -7.189245896527377000e-03 -5.663384523590037252e-03 -4.271823568385729221e-03 -3.258293584124239643e-03 -2.678699682650358214e-03 -2.435641521368616357e-03 -2.360576175516923558e-03 -2.296796081121104012e-03 -2.152416961038022911e-03 -1.912688594736855095e-03 -1.619615340953697380e-03 -1.336264609947113635e-03 -1.113671085342579680e-03 -9.722666617294728171e-04 -9.007702448505576455e-04 -8.681812601374443421e-04 -8.406325060555715906e-04 -7.951530056474709297e-04 -7.256958305849903765e-04 -6.409269423676375874e-04 -5.566780720528435216e-04 -4.873621329444239973e-04 -4.400294939606973622e-04 -4.128604757924661636e-04 -3.976738808387604639e-04 -3.845311057363298159e-04 -3.660893209882054144e-04 -3.399706898812114423e-04 -3.085777577889933223e-04 -2.770875031476763262e-04 -2.502229792747473697e-04 -2.322977522882765564e-04 -2.173137151436403355e-04 -2.251371763674892533e-04 -2.231766245885511866e-04
5.016811577501705415e+02 -4.765662223472576443e+03 2.344603322713510352e+04 -5.943329879941084982e+03 7.796663122371816144e+02 -2.701343435374363935e+02 -9.027904339240642173e+00 -2.716091196170165389e+01 -9.320872432671484020e+00 -5.192010705197531273e+00 -2.208075857832072497e+00 -9.322627468831226061e-01 -3.444763860971042924e-01 -1.277251921990110728e-01 -6.761505256176003620e-02 -6.296544154144252670e-02 -6.735051809420757041e-02 -6.530936441326941344e-02 -5.569484790577741706e-02 -4.242434156534451162e-02 -2.964666379962860310e-02 -1.986051493420548306e-02 -1.370620602416380146e-02 -1.053989031904887207e-02 -9.190701876974724516e-03 -8.556739841973361529e-03 -7.922784619396269074e-03 -7.014308744089012976e-03 -5.882373832818818017e-03 -4.727518020590060037e-03 -3.745571406430062839e-03 -3.040337408123473979e-03 -2.606835874672445638e-03 -2.364347665685729346e-03 -2.208479440736000384e-03 -2.055656728103759465e-03 -1.865766073260213256e-03 -1.641216932058952400e-03 -1.410243870562663234e-03 -1.205657858346050005e-03 -1.048521328671165112e-03 -9.416080657465762888e-04 -8.722927756983746631e-04 -8.210287655172186392e-04 -7.704838480687910577e-04 -7.114640784238507234e-04 -6.440916833226663103e-04 -5.749539910510834389e-04 -5.123776370490804293e-04 -4.622039029252036869e-04 -4.256456179352169334e-04 -3.996119970153192281e-04 -3.787792844562698318e-04 -3.581576464974514456e-04 -3.349572742622288521e-04 -3.092482736000558372e-04 -2.828312742160666725e-04 -2.599368068805365606e-04 -2.367063838975983013e-04 -2.382019294861693524e-04 -2.025381118846584301e-04 -1.595364525276145003e-04
-1.107396201773983648e+02 6.302694553381958258e+02 -4.999968412353436179e+03 2.351388022166426163e+04 -5.812913707725218046e+03 7.728909990396605281e+02 -2.547433027842564286e+02 -5.053847178045598909e+00 -2.417564239594580044e+01 -7.962959318172813106e+00 -4.513214044355740029e+00 -1.922282829567701024e+00 -8.271529884126455068e-01 -3.146840204052099299e-01 -1.203379106630976247e-01 -6.158336242894023316e-02 -5.315107194879454405e-02 -5.523435299416932370e-02 -5.379356930716537588e-02 -4.679475643184634326e-02 -3.671010643628479925e-02 -2.658108288236365677e-02 -1.841674952886737313e-02 -1.290307962132081036e-02 -9.740714512271897788e-03 -8.160815645065553139e-03 -7.359088144004320362e-03 -6.751867695412597237e-03 -6.050719395658158556e-03 -5.211633516460251539e-03 -4.328165210120201757e-03 -3.525539532189115970e-03 -2.890537461347940634e-03 -2.445393251431286080e-03 -2.157241854766974061e-03 -1.965714474594777890e-03 -1.811739846775750791e-03 -1.656572968804780142e-03 -1.487259760352689121e-03 -1.311063178473499333e-03 -1.144436041660023932e-03 -1.002315058618627897e-03 -8.915894248674411738e-04 -8.098595012140806688e-04 -7.483288519654863677e-04 -6.964862794344638076e-04 -6.462302534203780233e-04 -5.939881520303894090e-04 -5.405375535516010466e-04 -4.892056331219522608e-04 -4.435774831627086389e-04 -4.057289199040145641e-04 -3.755553610824524224e-04 -3.511594962362504183e-04 -3.299829365935053201e-04 -3.095586491819022788e-04 -2.899968699747343349e-04 -2.665223426635196773e-04 -2.596647144633649888e-04 -2.258439073294751830e-04 -1.509068667060111269e-04 -1.672127445332486360e-04
8.839434415043097459e+00 -1.591396732911104834e+02 6.667451008446258811e+02 -5.109509698987199044e+03 2.354111244572346914e+04 -5.736219291030007298e+03 7.674802889138958335e+02 -2.457687063000064711e+02 -2.976899854686592128e+00 -2.252460048367085221e+01 -7.233081005430197941e+00 -4.142212165465408269e+00 -1.760030567280113534e+00 -7.590111649774686775e-01 -2.869768009323585001e-01 -1.068345557244214095e-01 -5.205341234111975079e-02 -4.471660179073870534e-02 -4.781998562850491713e-02 -4.785176508407298218e-02 -4.247512241982382558e-02 -3.376803952716919688e-02 -2.457382893112967925e-02 -1.692098956303684718e-02 -1.164060184498067960e-02 -8.598071677841575070e-03 -7.138765631761120889e-03 -6.500638313154123715e-03 -6.085704431601728255e-03 -5.566407637936289510e-03 -4.864331991235485569e-03 -4.059700411150102967e-03 -3.286913110128216256e-03 -2.655406950697651591e-03 -2.211181238471247520e-03 -1.936711987567434762e-03 -1.774964551819691256e-03 -1.660436064584579815e-03 -1.543780822474047224e-03 -1.403075130561299341e-03 -1.241855869859406335e-03 -1.078586472782081147e-03 -9.339105157221122945e-04 -8.209955135053829999e-04 -7.416272155813894568e-04 -6.878983981532406757e-04 -6.473106587278511367e-04 -6.084151467676374939e-04 -5.646777433955258840e-04 -5.155062533208939861e-04 -4.647326244331357139e-04 -4.177581286782306217e-04 -3.787699161746726855e-04 -3.492041186763271605e-04 -3.273275997228315953e-04 -3.109575794880115019e-04 -2.922554179464649255e-04 -2.865563498633783251e-04 -2.524188312883572909e-04 -1.863573344172799785e-04 -1.603621865852037970e-04 -1.665511591604799057e-04
-5.653212333196560024e+00 7.026493721559454286e+00 -1.719463119320975011e+02 6.840697315386455557e+02 -5.174936929886252983e+03 2.355462589842875968e+04 -5.686119115470268298e+03 7.631794224766744037e+02 -2.399516926433431081e+02 -1.741583593352346693e+00 -2.147302451015707803e+01 -6.764327266203506106e+00 -3.892556525880096707e+00 -1.643504491244985211e+00 -7.054014514134337999e-01 -2.632950171324285882e-01 -9.583349544362231021e-02 -4.594892116877118127e-02 -4.031716332056148322e-02 -4.405634967736235530e-02 -4.448517420323917088e-02 -3.951997279414409120e-02 -3.127059214047744201e-02 -2.254972658153638412e-02 -1.534823377177475454e-02 -1.046626788185867074e-02 -7.747357077929553290e-03 -6.525757876533507321e-03 -6.041167546876608299e-03 -5.709977454858131823e-03 -5.227879933583675157e-03 -4.542025859529789239e-03 -3.753620350655336411e-03 -3.008771850143246527e-03 -2.418335481057137890e-03 -2.021976759943690423e-03 -1.792687008620115312e-03 -1.665451231802754593e-03 -1.571289553887086172e-03 -1.462473112717700566e-03 -1.322251910843351029e-03 -1.160271781108015120e-03 -9.995795781712246610e-04 -8.625046629251788841e-04 -7.610422792933848289e-04 -6.940941740317077991e-04 -6.507372451695395913e-04 -6.166236869986944317e-04 -5.801787988901161569e-04 -5.362080075774892408e-04 -4.861189879440662464e-04 -4.354701424080996658e-04 -3.905393415392145761e-04 -3.551015344466683181e-04 -3.305773648429380634e-04 -3.103126285034673486e-04 -3.060574505067479960e-04 -2.774112153083549978e-04 -2.174884683938569058e-04 -1.970180007324601570e-04 -1.625110345711404413e-04 -1.739276115960964025e-04
-8.216038698347623015e-01 -9.783513276075694876e+00 7.024708727634308758e+00 -1.791043617117267672e+02 6.944384826941278561e+02 -5.219000435262062638e+03 2.356221455132536357e+04 -5.650874737151815680e+03 7.597726574563162103e+02 -2.358504486536659499e+02 -9.091760625475201474e-01 -2.072529062298092128e+01 -6.425575975405918960e+00 -3.707323010532141527e+00 -1.555548204126672829e+00 -6.651917975030393615e-01 -2.466210822292345395e-01 -8.920250502664660297e-02 -4.281631345315220494e-02 -3.785932634286914844e-02 -4.140580843115467674e-02 -4.165899915063473596e-02 -3.682166714782990347e-02 -2.898373175116274181e-02 -2.081687093821295992e-02 -1.415992371295504357e-02 -9.706974614529535056e-03 -7.259356433092317012e-03 -6.164723741227976991e-03 -5.709792720758684499e-03 -5.366614939671968294e-03 -4.875579815528562760e-03 -4.207457843036986958e-03 -3.465697776698495238e-03 -2.784030745381660312e-03 -2.255869471363762015e-03 -1.906793763646575388e-03 -1.703762223236712477e-03 -1.584159527898496966e-03 -1.486919477212351841e-03 -1.373461162093745410e-03 -1.233721103182505198e-03 -1.079699824205484614e-03 -9.327023143571423021e-04 -8.109710649345040203e-04 -7.223154238126449841e-04 -6.631102006760864918e-04 -6.222578183277344350e-04 -5.871822078820583589e-04 -5.489237325433862910e-04 -5.045212566966206279e-04 -4.564799405639504326e-04 -4.098852014590850606e-04 -3.706570096598084743e-04 -3.376432404853100980e-04 -3.247879577819985067e-04 -2.954379544894822004e-04 -2.419820249722855665e-04 -2.240819905098843977e-04 -1.990372453719745549e-04 -1.700048385371621723e-04 -1.840363529186727449e-04
-6.392058720759545842e-01 -2.031801892249508690e+00 -1.084611786135323008e+01 6.843985214062563216e+00 -1.839349400019887923e+02 7.012330352919705092e+02 -5.250775937592359696e+03 2.356688390219315625e+04 -5.624703302422690285e+03 7.570621195189617083e+02 -2.327790018002652630e+02 -2.995381827529918217e-01 -2.016024239309647825e+01 -6.168790032993109129e+00 -3.566618684066122036e+00 -1.489628004394899286e+00 -6.359939965073788670e-01 -2.351882472552800918e-01 -8.488880130518697276e-02 -4.057482501778916090e-02 -3.570739714532475406e-02 -3.894163631265865066e-02 -3.911959295054480423e-02 -3.455843296720283869e-02 -2.722161389455255570e-02 -1.959755304685104754e-02 -1.338456861890426064e-02 -9.214509676715536973e-03 -6.897486574458180225e-03 -5.832138465012539491e-03 -5.366171024486504279e-03 -5.018578139965275582e-03 -4.551908342467538178e-03 -3.935834979801808298e-03 -3.258628020793202188e-03 -2.635929540248576307e-03 -2.148676555865493363e-03 -1.819248615258170889e-03 -1.619578367645545724e-03 -1.496166456003618491e-03 -1.396619509234805351e-03 -1.287368289185554298e-03 -1.158754165072247225e-03 -1.019682788090095840e-03 -8.870804652715346761e-04 -7.757039717299422628e-04 -6.920519945969583458e-04 -6.334524562146426211e-04 -5.911622790304775455e-04 -5.550996546852942368e-04 -5.179504848942256693e-04 -4.768469364863182967e-04 -4.342138047958563388e-04 -3.904962597877637801e-04 -3.629451863120562120e-04 -3.222875618512528999e-04 -2.646171028470774571e-04 -2.454720304572444167e-04 -2.220930900734669985e-04 -2.036097187595818766e-04 -1.770698512028027636e-04 -1.960166023370164476e-04
-2.171339263480246418e-01 -1.246750959720115848e+00 -2.314844798148752769e+00 -1.155524117047798605e+01 6.596608959662733973e+00 -1.875127459875094758e+02 7.060276988323805654e+02 -5.274767283291494095e+03 2.356997527941918452e+04 -5.604477570630729133e+03 7.548745859873971540e+02 -2.303853010876842120e+02 1.663851872968335199e-01 -1.971985203716057811e+01 -5.969823213889761782e+00 -3.457863894029352902e+00 -1.439132215794223901e+00 -6.137328935567495369e-01 -2.263362300584394193e-01 -8.126000788072379466e-02 -3.843778764697187988e-02 -3.369811257867245946e-02 -3.684580953997257380e-02 -3.712777456499325585e-02 -3.288556075953045360e-02 -2.596275515432217018e-02 -1.872131852452645767e-02 -1.278616611391664333e-02 -8.776715798951563799e-03 -6.532161335372924614e-03 -5.494730936915725311e-03 -5.048835521160610976e-03 -4.732811135812284992e-03 -4.311274112856911672e-03 -3.745308777281829322e-03 -3.112199745944495798e-03 -2.520403692589725207e-03 -2.049859627048151479e-03 -1.727064408125528541e-03 -1.530186880200907606e-03 -1.410994622118585647e-03 -1.319538056936322068e-03 -1.221679264334137082e-03 -1.105300812723851792e-03 -9.765842393285376326e-04 -8.507901841649855934e-04 -7.426110970315948990e-04 -6.598044365705972190e-04 -6.014783490054715666e-04 -5.603904169796710810e-04 -5.269092067192812255e-04 -4.941690045826147015e-04 -4.553945553249974911e-04 -4.237904150433448596e-04 -3.734678771289276435e-04 -3.050488622212028933e-04 -2.744527958274956534e-04 -2.450761801610897646e-04 -2.238855857616874208e-04 -2.070076838086637374e-04 -1.831604398800627960e-04 -2.078543761493863162e-04
-9.026537569423108420e-02 -4.376766757472026481e-01 -1.406168386590569641e+00 -2.545397639442822602e+00 -1.210866837279885644e+01 6.331042324211199279e+00 -1.902639194874107602e+02 7.096102864292524828e+02 -5.293509009389979838e+03 2.357213702942577947e+04 -5.588371284904388631e+03 7.530750444947568667e+02 -2.284680035302233705e+02 5.316983836712657618e-01 -1.936835512748031718e+01 -5.811688379795715953e+00 -3.371047453938046612e+00 -1.398582934186458626e+00 -5.955411579951436218e-01 -2.188421389123831051e-01 -7.805225146664819535e-02 -3.659385523945858643e-02 -3.211064955425334960e-02 -3.527745382656873735e-02 -3.565350100954828294e-02 -3.162005749159930296e-02 -2.496026075572507427e-02 -1.796814675154154509e-02 -1.222920662679518808e-02 -8.354942238149523290e-03 -6.196589428912268292e-03 -5.214671817351188184e-03 -4.808842524800530961e-03 -4.526076551612258012e-03 -4.133882603042989858e-03 -3.593256917978297077e-03 -2.980970863454833128e-03 -2.405850116887322046e-03 -1.949074536401735171e-03 -1.638538984427960303e-03 -1.453246743753340651e-03 -1.344961794042965914e-03 -1.263136923733989463e-03 -1.172967409046292301e-03 -1.062079592458276727e-03 -9.370008298485984826e-04 -8.137941738414241743e-04 -7.080397704377606148e-04 -6.281450151666110064e-04 -5.732066263733196811e-04 -5.363893173253412054e-04 -5.046903365972667905e-04 -4.818015011769056035e-04 -4.365493385016834950e-04 -3.668533877125397459e-04 -3.264096644067230506e-04 -2.848205488433023765e-04 -2.531028212247795348e-04 -2.283220601865094089e-04 -2.109048409057215053e-04 -1.880440121087020931e-04 -2.181983134279857548e-04
-2.829068800040936485e-02 -1.701386954152591946e-01 -5.011666169714033003e-01 -1.540898145904402883e+00 -2.744641169552021420e+00 -1.255422218395085387e+01 6.093253623367306027e+00 -1.924339922105235985e+02 7.123990297410775838e+02 -5.308551435377486087e+03 2.357370873333350028e+04 -5.575242934763817175e+03 7.515678525049765994e+02 -2.268985573414592807e+02 8.251831785691063903e-01 -1.908091678770301769e+01 -5.682310523894301468e+00 -3.299456221209540630e+00 -1.364868045838534050e+00 -5.802732976667587250e-01 -2.125489366873923869e-01 -7.544989638482438310e-02 -3.520778281185849706e-02 -3.094640215485387064e-02 -3.407917605878349465e-02 -3.446028899668401174e-02 -3.053828497772701975e-02 -2.406616112722535089e-02 -1.728388001951460667e-02 -1.173300405325087940e-02 -8.001838919085492441e-03 -5.937443195991897772e-03 -5.008620458482149901e-03 -4.628784741615845494e-03 -4.358674101395487374e-03 -3.976261469144576517e-03 -3.448417074756462367e-03 -2.853446249698311007e-03 -2.298608839532096347e-03 -1.862057656757582424e-03 -1.568748267595090201e-03 -1.395907960478524673e-03 -1.295105687233740139e-03 -1.216965288507767130e-03 -1.128573254083875804e-03 -1.019398481421045092e-03 -8.971469766964800191e-04 -7.781856858525422168e-04 -6.774373831731574005e-04 -6.030670273893782999e-04 -5.506238701006051488e-04 -5.232280159744305851e-04 -4.850881617541172633e-04 -4.259587731510976584e-04 -3.897846681131540009e-04 -3.453183410887323483e-04 -3.041483425981751599e-04 -2.676131327474952208e-04 -2.380014247796564909e-04 -2.172014374146572120e-04 -1.929576096154124063e-04 -2.267740921042340509e-04
-7.377247381280238256e-03 -5.220897768340754946e-02 -1.996013054412978938e-01 -5.622608308502344832e-01 -1.654287879147145146e+00 -2.908782592662493727e+00 -1.290977547149993931e+01 5.891802568817410268e+00 -1.941871259038878748e+02 7.146322917178528087e+02 -5.320893806568466971e+03 2.357488562027000444e+04 -5.564337265433258835e+03 7.502874301989337482e+02 -2.255895038288863930e+02 1.066683037365943054e+00 -1.884076440719591261e+01 -5.574058432103163874e+00 -3.239267685307045230e+00 -1.336497753813590927e+00 -5.674925451053524084e-01 -2.073898725709840130e-01 -7.340798350578153775e-02 -3.414639443134625391e-02 -3.000398532643045943e-02 -3.304835179610877971e-02 -3.340224474931388632e-02 -2.957433853397031104e-02 -2.328239804758095582e-02 -1.670528081913386781e-02 -1.133391353338790430e-02 -7.730159218703572949e-03 -5.738285810069202776e-03 -4.840131248251334541e-03 -4.468301773101797901e-03 -4.200824656350040862e-03 -3.826441319481686202e-03 -3.315275746921171086e-03 -2.743117466726146224e-03 -2.212015735717318566e-03 -1.795201421513042093e-03 -1.514934950088122441e-03 -1.348501927214194743e-03 -1.249616196925936980e-03 -1.171843113107106467e-03 -1.084721378679349025e-03 -9.789415193851725566e-04 -8.618868019216645651e-04 -7.494385377092539161e-04 -6.526046336197628738e-04 -5.884509161935809821e-04 -5.306095944243786715e-04 -4.690793610150447487e-04 -4.392518469503490868e-04 -4.035200971753472358e-04 -3.664904812290567353e-04 -3.267908942945855219e-04 -2.882071011569680157e-04 -2.538673122480231874e-04 -2.280791509110815737e-04 -1.999921663867899717e-04 -2.347509785446046538e-04
-1.454179713803919072e-03 -1.493378987531721394e-02 -6.635621080306476627e-02 -2.288698426470928693e-01 -6.124759794375216337e-01 -1.743621967662557948e+00 -3.039864377832166120e+00 -1.319764191137062781e+01 5.719862414084712299e+00 -1.956351411797817832e+02 7.164595081570117827e+02 -5.331204887938459251e+03 2.357578925781294311e+04 -5.555133246839175627e+03 7.491872314008882086e+02 -2.244801541012005828e+02 1.269249965167049021e+00 -1.863694303281619113e+01 -5.482227287080593037e+00 -3.188143755107441191e+00 -1.312472645989167574e+00 -5.567344424427258520e-01 -2.030881105145874443e-01 -7.170540429417697481e-02 -3.322764221858265365e-02 -2.915780594228396111e-02 -3.212548015682842317e-02 -3.247464421281227864e-02 -2.875173378089767098e-02 -2.263213322713784198e-02 -1.623607183986201796e-02 -1.101168680215794046e-02 -7.503659465690650301e-03 -5.560794666620814085e-03 -4.681310035571378467e-03 -4.316033838887203128e-03 -4.056214476218128993e-03 -3.696266899853774528e-03 -3.205472950667511301e-03 -2.655255063915815377e-03 -2.142999040463102085e-03 -1.739178968704518371e-03 -1.465911950593154402e-03 -1.302364664615149673e-03 -1.204888455664752554e-03 -1.129250592592340695e-03 -1.045845447531101044e-03 -9.457159257384308666e-04 -8.327813348652554192e-04 -7.311657931947280900e-04 -6.305510242192189979e-04 -5.351371918411672833e-04 -4.858004933514632425e-04 -4.464961097040973169e-04 -4.156280191148164181e-04 -3.840983629627854048e-04 -3.492746042599667198e-04 -3.120161963440088978e-04 -2.752578461834035090e-04 -2.447400791280469065e-04 -2.112965305014598500e-04 -2.444754056207519587e-04
-1.071159760183017359e-03 -6.214121257863912048e-03 -2.300259391920481469e-02 -7.931574534043585312e-02 -2.505297438983239977e-01 -6.499188199324920090e-01 -1.813699703151943510e+00 -3.147193237462109217e+00 -1.343718637592818865e+01 5.570083601372395776e+00 -1.968528746384061208e+02 7.179818865128033849e+02 -5.339948013830311538e+03 2.357649863972360981e+04 -5.547260641489914633e+03 7.482323152396514843e+02 -2.235277879595101354e+02 1.441492971791589639e+00 -1.846193556409108183e+01 -5.403499464759336846e+00 -3.144259742362589094e+00 -1.291858803104549258e+00 -5.474864415576898846e-01 -1.993613823662424844e-01 -7.019874689711334825e-02 -3.239957567418107198e-02 -2.841052188959353186e-02 -3.133409293410882590e-02 -3.169475578305197550e-02 -2.806635261330218262e-02 -2.208854084591224329e-02 -1.583606678356029238e-02 -1.072646011373916408e-02 -7.294259550625041208e-03 -5.393701739297662896e-03 -4.535572352624665446e-03 -4.183086427162029629e-03 -3.935533153391344505e-03 -3.590200392352673343e-03 -3.115502477354036102e-03 -2.580492412142910714e-03 -2.080573210734371851e-03 -1.685551128580784668e-03 -1.418153144222857737e-03 -1.258851864279068736e-03 -1.165089033324204952e-03 -1.093883109231318573e-03 -1.013340941458631050e-03 -9.230776207456610483e-04 -8.068965409150184861e-04 -6.765172681618694065e-04 -5.851874468883423372e-04 -5.118547323947990595e-04 -4.620754208663648672e-04 -4.268378403331760432e-04 -3.978621560930215039e-04 -3.682968882790495441e-04 -3.353641467737914134e-04 -2.996378344069187266e-04 -2.666552757502845049e-04 -2.280571942389153322e-04 -2.586236370676592397e-04
-1.833667221172979866e-03 -6.480525235199329631e-03 -1.149433605741980412e-02 -2.851970049800214152e-02 -8.697631905534627950e-02 -2.652871569410484853e-01 -6.789457166729382376e-01 -1.871562922237430149e+00 -3.238383144133175850e+00 -1.364091343757042551e+01 5.438359317662483150e+00 -1.978912345624726754e+02 7.192703948568397436e+02 -5.347455178267951851e+03 2.357706606322096559e+04 -5.540449802880872085e+03 7.473957312677497384e+02 -2.227013621571177282e+02 1.589580278814917147e+00 -1.831009137398014985e+01 -5.335241376098225352e+00 -3.106105493194370126e+00 -1.273890378435466930e+00 -5.393860000432535440e-01 -1.960769734976856304e-01 -6.887096326415356740e-02 -3.168717477345148192e-02 -2.778385552385741197e-02 -3.067156706214038339e-02 -3.103396969566607488e-02 -2.747446238481227737e-02 -2.160793757140714449e-02 -1.547394887561590396e-02 -1.046457676021222104e-02 -7.103767174304499200e-03 -5.247115697566299974e-03 -4.413064857518808094e-03 -4.073707277556583815e-03 -3.835272398596427813e-03 -3.498963420067956014e-03 -3.034440399563646286e-03 -2.510342042473592827e-03 -2.021029729359980539e-03 -1.635394479726320601e-03 -1.375532244114057367e-03 -1.222416439730246614e-03 -1.131543623166825479e-03 -1.068933396839986212e-03 -9.843559503677000271e-04 -8.662430311308609576e-04 -7.592471607523349495e-04 -6.507696861776669220e-04 -5.600762464654314605e-04 -4.914828162582355990e-04 -4.439786013869795323e-04 -4.106897053068674867e-04 -3.832431609004738966e-04 -3.552139020141305997e-04 -3.234790267933462392e-04 -2.914615957166270897e-04 -2.497477596147861987e-04 -2.790242080674723807e-04
-2.291592230140214459e-03 -7.643767146399100404e-03 -1.019591538080669851e-02 -1.379845357521530987e-02 -3.052941613482309385e-02 -9.148029909718868868e-02 -2.768265233396809966e-01 -7.035550619303119202e-01 -1.921310735122554902e+00 -3.317281100730568255e+00 -1.381621888278185395e+01 5.322283537898582217e+00 -1.987867893254715170e+02 7.203754295883919667e+02 -5.353971160559123746e+03 2.357752698385342592e+04 -5.534499578830603241e+03 7.466567043675291870e+02 -2.219774544846264064e+02 1.718260032872098719e+00 -1.817701367321066996e+01 -5.275405714512639399e+00 -3.072560173361318814e+00 -1.258062588121934944e+00 -5.322441629493408488e-01 -1.931949268090407124e-01 -6.772793911118971111e-02 -3.109026878213599562e-02 -2.725491071357631981e-02 -3.009733787812380115e-02 -3.044818002706552867e-02 -2.694174341191970731e-02 -2.117261449432285628e-02 -1.514771839909458476e-02 -1.023335451115998766e-02 -6.940790777410990250e-03 -5.124826223806761179e-03 -4.310502557747231990e-03 -3.979078330887833234e-03 -3.744854714305186332e-03 -3.414118362582339861e-03 -2.958323490158098253e-03 -2.445438380346637297e-03 -1.967783615096584202e-03 -1.592811813200477843e-03 -1.339267511941496245e-03 -1.196126652831428286e-03 -1.101532616509958871e-03 -1.011547261190698854e-03 -9.349310383835918344e-04 -8.373763722958120449e-04 -7.312852763523869674e-04 -6.281120669805751724e-04 -5.405302673354914211e-04 -4.745664856992518098e-04 -4.289503800743966425e-04 -3.970994034599704980e-04 -3.709691503964209760e-04 -3.438464238532757474e-04 -3.157704844341816734e-04 -2.740558943050922110e-04 -3.056411870529806857e-04
-2.198524000925592380e-03 -7.549355228919166390e-03 -1.026885520873852334e-02 -1.133046698898884132e-02 -1.408018095786870739e-02 -3.148416842754515887e-02 -9.532322812099545961e-02 -2.870973228169659830e-01 -7.251491872059940835e-01 -1.964468932934808842e+00 -3.385827113147603651e+00 -1.396827500610004513e+01 5.219612784760187196e+00 -1.995671075348170120e+02 7.213335159721364107e+02 -5.359680323366745142e+03 2.357790635791527166e+04 -5.529256553932842507e+03 7.459991781758807292e+02 -2.213379939169375632e+02 1.831186131462408051e+00 -1.805935328295957376e+01 -5.222495615452195317e+00 -3.042844372551072318e+00 -1.244044956428682847e+00 -5.259332838754314787e-01 -1.906661973268649612e-01 -6.673671546048549896e-02 -3.057206779794650886e-02 -2.678484818559212499e-02 -2.957923222412446596e-02 -2.991827005186938407e-02 -2.646261095031926872e-02 -2.078583782948770567e-02 -1.486273167082673846e-02 -1.003468775734957762e-02 -6.801432787929156433e-03 -5.018230695398896712e-03 -4.217800545775576490e-03 -3.891103911809033582e-03 -3.660309552676900384e-03 -3.335966287235213584e-03 -2.890074588155387529e-03 -2.389412828658081002e-03 -1.921801001402100766e-03 -1.560652673391474139e-03 -1.306725037340694022e-03 -1.138913052188633701e-03 -1.052079851487483205e-03 -9.811080590438998276e-04 -9.046265106760822136e-04 -8.118322448186735419e-04 -7.089832861931116880e-04 -6.090271661581440421e-04 -5.240887516903840106e-04 -4.601990438904828853e-04 -4.161197098258913752e-04 -3.855603728087053628e-04 -3.601531777625797677e-04 -3.367195553166944561e-04 -2.976921964764490513e-04 -3.362502492141750273e-04
-1.747740941774083645e-03 -6.280899975432492101e-03 -9.368167405029916017e-03 -1.110833061941190851e-02 -1.152818755437987411e-02 -1.432215104132370312e-02 -3.269632024102013534e-02 -9.907025539667084491e-02 -2.962269677595123496e-01 -7.439112271172126922e-01 -2.001901469726109273e+00 -3.445689276304193527e+00 -1.410137864390541829e+01 5.128121786115723779e+00 -2.002532939964839898e+02 7.221720163716296383e+02 -5.364723893027489794e+03 2.357822235378196274e+04 -5.524601619710189880e+03 7.454104904916501937e+02 -2.207689289734912279e+02 1.931104187591062837e+00 -1.795457970136791559e+01 -5.175400989407402896e+00 -3.016366682451895542e+00 -1.231561768428063308e+00 -5.203176336438001259e-01 -1.884173919737981706e-01 -6.585136006717240420e-02 -3.010309624758597535e-02 -2.635768844718912665e-02 -2.911217230261499769e-02 -2.944553228565606126e-02 -2.603929884754604268e-02 -2.044654274870195965e-02 -1.461305547936112351e-02 -9.859003884080039942e-03 -6.675420854539309591e-03 -4.919391448864086913e-03 -4.131123723840586862e-03 -3.810011872821554915e-03 -3.584281017538558205e-03 -3.267754864909593049e-03 -2.830364760737019095e-03 -2.344789462838849179e-03 -1.880403852748462881e-03 -1.499409237247805978e-03 -1.255806608238849414e-03 -1.107635493003044248e-03 -1.021056246745317541e-03 -9.540560003699306499e-04 -8.800220962089413653e-04 -7.900291839720462910e-04 -6.899524157374872660e-04 -5.926108221416078641e-04 -5.099091995053691611e-04 -4.477700982483677245e-04 -4.051281440095802358e-04 -3.752617572317000299e-04 -3.537026408390844985e-04 -3.179193176190896696e-04 -3.671403249475927713e-04
-1.195823193564987110e-03 -4.536210478988685242e-03 -7.532763989390277651e-03 -1.020717490497625654e-02 -1.166844608706275703e-02 -1.200415382348702341e-02 -1.492677309390715891e-02 -3.400303031154832539e-02 -1.023629585323912045e-01 -3.040515669627804618e-01 -7.601439313684485999e-01 -2.034630868220064226e+00 -3.498509672987221819e+00 -1.421902909208533927e+01 5.045984528768513222e+00 -2.008615185494319633e+02 7.229120165326650067e+02 -5.369211826741807272e+03 2.357848841170793457e+04 -5.520441001219861391e+03 7.448804158734468501e+02 -2.202592296668858580e+02 2.020108676025800243e+00 -1.786070908042623984e+01 -5.133228244908515592e+00 -2.992624371652933046e+00 -1.220360938336249257e+00 -5.152702288244763729e-01 -1.863896546223750283e-01 -6.504932651202849359e-02 -2.967933461463763412e-02 -2.597641400329303921e-02 -2.869850115590705936e-02 -2.902752267432381905e-02 -2.566385351936817383e-02 -2.014326886240535089e-02 -1.438706092700184000e-02 -9.697578869935786702e-03 -6.558536917552259225e-03 -4.828345907902667489e-03 -4.052971308184920123e-03 -3.738877778408307689e-03 -3.517301399520937621e-03 -3.211741621162869133e-03 -2.776421795530479870e-03 -2.273406846102679624e-03 -1.822208237577890161e-03 -1.463556798384447934e-03 -1.222811277128927308e-03 -1.079737011620780611e-03 -9.956212690633897602e-04 -9.307756865527275431e-04 -8.588038818829813511e-04 -7.710639723320749902e-04 -6.733431178214714045e-04 -5.782592991784695630e-04 -4.975000251541069913e-04 -4.370349018488190298e-04 -3.952016391499804725e-04 -3.694807869979169690e-04 -3.342395859739576798e-04 -3.947700473216559963e-04
-7.218756974222751734e-04 -2.918431358293269596e-03 -5.425399830721898409e-03 -8.398859829721426820e-03 -1.105598257557089716e-02 -1.245302854809057780e-02 -1.263241159378676766e-02 -1.549366201166458255e-02 -3.503210239014890176e-02 -1.050709087887792825e-01 -3.107806892121954268e-01 -7.744081480804630990e-01 -2.063637635419642180e+00 -3.545592954569636301e+00 -1.432384818215554567e+01 4.971867441761527395e+00 -2.014043290047439996e+02 7.235699797544388048e+02 -5.373231119755286272e+03 2.357871455064249676e+04 -5.516699919385107023e+03 7.444006058706358999e+02 -2.198000789481821187e+02 2.099876251298177454e+00 -1.777611971739714747e+01 -5.095229985288298735e+00 -2.971195535676925736e+00 -1.210239413121521723e+00 -5.107023223536945045e-01 -1.845542571325644587e-01 -6.432754709668761506e-02 -2.930370509355850750e-02 -2.564012186188579373e-02 -2.833078348610865854e-02 -2.865209854278265994e-02 -2.532325533682512619e-02 -1.986574959588192218e-02 -1.417921282634814449e-02 -9.549517933234991443e-03 -6.452734070404753108e-03 -4.747909050629055445e-03 -3.983835661455889000e-03 -3.679855745658358081e-03 -3.456616954365256556e-03 -3.131045108873343336e-03 -2.707481931434907799e-03 -2.227453746198727706e-03 -1.781981844229761592e-03 -1.431406780679702392e-03 -1.195412056847949822e-03 -1.055581393900146322e-03 -9.735521027837123467e-04 -9.103844648993839397e-04 -8.401294671643764166e-04 -7.543165050076512494e-04 -6.586617298863275396e-04 -5.655695415424895952e-04 -4.866940966789381020e-04 -4.272346676285593932e-04 -3.899447792779310628e-04 -3.494567901413135939e-04 -4.178163647289611163e-04
-4.012777180694718985e-04 -1.737626831163494078e-03 -3.595229766229413818e-03 -6.251454492676887173e-03 -9.315328315868771566e-03 -1.194298980932918808e-02 -1.315058524852485110e-02 -1.307332405839563456e-02 -1.583002261163025948e-02 -3.580116167267816119e-02 -1.073978880257007718e-01 -3.167580351829982210e-01 -7.871644072411698723e-01 -2.089592534137996171e+00 -3.587827855057290183e+00 -1.441778791314478170e+01 4.904730933092598555e+00 -2.018917115902878550e+02 7.241588525534887140e+02 -5.376851559647994691e+03 2.357890835345160303e+04 -5.513317976034898493e+03 7.439642314188528189e+02 -2.193843009397448895e+02 2.171784101338276152e+00 -1.769947952743016728e+01 -5.060800099764549032e+00 -2.951750351812788775e+00 -1.201050000326591150e+00 -5.065561564749674339e-01 -1.828937098059543742e-01 -6.368034926765686610e-02 -2.896964860687586962e-02 -2.533832988966222555e-02 -2.799664473139179890e-02 -2.830841439709767121e-02 -2.501062065911975607e-02 -1.961154737131923231e-02 -1.399016294211930488e-02 -9.416771883943493918e-03 -6.358129099833593340e-03 -4.680054329406937823e-03 -3.921052228251850971e-03 -3.597378978032145756e-03 -3.382129205958043366e-03 -3.075748845479322514e-03 -2.656853406930169501e-03 -2.185976125788300414e-03 -1.747804898470204640e-03 -1.403260720684884090e-03 -1.171455953174570155e-03 -1.034314021912196386e-03 -9.540315924166575465e-04 -8.922698002256122330e-04 -8.234911898564651646e-04 -7.393809094459233939e-04 -6.455655726035450541e-04 -5.544306249566735047e-04 -4.767364339110449095e-04 -4.222471326720457648e-04 -3.694023641039434046e-04 -4.387120239875289874e-04
-2.307101423417022459e-04 -1.040259045121585480e-03 -2.291870075166611322e-03 -4.308215247838936661e-03 -7.049187518245413758e-03 -1.009952037894370526e-02 -1.259952385708922908e-02 -1.360249482524467438e-02 -1.332950684891986114e-02 -1.606561950263258459e-02 -3.649560438641229893e-02 -1.095293959040580245e-01 -3.221659899442256281e-01 -7.986427360696507494e-01 -2.112913722467387068e+00 -3.625871773841362167e+00 -1.450242073022121936e+01 4.843661319375406116e+00 -2.023317680284407061e+02 7.246889505988149267e+02 -5.380129747398078507e+03 2.357907568988016646e+04 -5.510245814001939834e+03 7.435656708571631270e+02 -2.190060018271291824e+02 2.236951716008664270e+00 -1.762970946187158816e+01 -5.029459292010828086e+00 -2.934031978382473760e+00 -1.192677434452501073e+00 -5.027811604008973756e-01 -1.813850127776704402e-01 -6.309369921731851349e-02 -2.866572301449723387e-02 -2.506154138644196838e-02 -2.768953135257565257e-02 -2.799328556673718119e-02 -2.472527244926772672e-02 -1.938123921155013654e-02 -1.381901711995928671e-02 -9.300628789277927758e-03 -6.271860776814523059e-03 -4.590380181106541897e-03 -3.845206148928785421e-03 -3.539661177626941303e-03 -3.325854251571064377e-03 -3.025596214660662264e-03 -2.612961107342039787e-03 -2.149161209653834784e-03 -1.717534273702587665e-03 -1.378254589897993281e-03 -1.150138377391336916e-03 -1.015336977170784322e-03 -9.365617091993323241e-04 -8.760167877967944567e-04 -8.085487783502905493e-04 -7.259617650937564811e-04 -6.339877425201347061e-04 -5.440864921263739891e-04 -4.717460101758169416e-04 -4.010637883919371347e-04 -4.637552332195846432e-04
-1.663576373792429515e-04 -7.172892169650021401e-04 -1.512188408745141713e-03 -2.850774860935138648e-03 -4.896184451985740108e-03 -7.625465194271961906e-03 -1.062578902152506305e-02 -1.304219227297590163e-02 -1.393447412252148652e-02 -1.356263571165742740e-02 -1.633024356978439798e-02 -3.718349290017926301e-02 -1.114891188314981463e-01 -3.270427556707501959e-01 -8.089744608057637398e-01 -2.133944508807720464e+00 -3.660305899632659621e+00 -1.457907938266382786e+01 4.787854613593810704e+00 -2.027311083894458932e+02 7.251686405390016716e+02 -5.383112033155795871e+03 2.357922117921203608e+04 -5.507442710040655584e+03 7.432002331077931103e+02 -2.186603198095999687e+02 2.296281691105724221e+00 -1.756593023358036731e+01 -5.000816617005606091e+00 -2.917824619871832503e+00 -1.185017829197578143e+00 -4.993263289010313466e-01 -1.800032488780652085e-01 -6.255512701196729031e-02 -2.838596102355269574e-02 -2.480743975222555325e-02 -2.740883529499418131e-02 -2.770656891671383071e-02 -2.446526589486778397e-02 -1.917499181042682868e-02 -1.366217648251106739e-02 -9.167354314865937964e-03 -6.174924177351442597e-03 -4.525288901058776778e-03 -3.787151950815326965e-03 -3.487176154940867245e-03 -3.276594347365695964e-03 -2.980679696081154056e-03 -2.573643212080502490e-03 -2.116088781043669320e-03 -1.690331531251619730e-03 -1.355775211486996137e-03 -1.130961279120964611e-03 -9.982408363422782659e-04 -9.207961857195094170e-04 -8.613394539991207693e-04 -7.950472597639712986e-04 -7.140331448417527264e-04 -6.231667157429533798e-04 -5.389251070205000951e-04 -4.495694509915445429e-04 -5.013080012238178189e-04
-1.562402568054501503e-04 -6.106140881756964454e-04 -1.117304820934931966e-03 -1.914872674205060025e-03 -3.226937015845025413e-03 -5.259513272453832447e-03 -7.997847925508422273e-03 -1.101636924251364613e-02 -1.342937670450857456e-02 -1.427354129849344941e-02 -1.383039942096565486e-02 -1.661358688052468405e-02 -3.781960663820221197e-02 -1.132462152791327142e-01 -3.314252128087508131e-01 -8.183104634531118693e-01 -2.153018661666103561e+00 -3.691646442063542644e+00 -1.464886838533707625e+01 4.736649710498893384e+00 -2.030951427077471863e+02 7.256047964362757057e+02 -5.385836742424558906e+03 2.357934847829924547e+04 -5.504874789133289596e+03 7.428639570582145097e+02 -2.183432122389893664e+02 2.350516638898721311e+00 -1.750740524735874004e+01 -4.974537940041506623e+00 -2.902939212200163599e+00 -1.177978679795131933e+00 -4.961481770548795134e-01 -1.787309699752767378e-01 -6.205958097951926045e-02 -2.813005194340139833e-02 -2.457651700231463371e-02 -2.715272102376076538e-02 -2.744784552340737496e-02 -2.422621603738661644e-02 -1.895929851839761940e-02 -1.350055700895384271e-02 -9.061281539934910173e-03 -6.096884221776690226e-03 -4.465890502685563451e-03 -3.736085662955870423e-03 -3.439994040013810445e-03 -3.232217057179951648e-03 -2.940035985196076326e-03 -2.538006017411312612e-03 -2.086091470834604365e-03 -1.665660845724108597e-03 -1.335393851374031210e-03 -1.113572984857737419e-03 -9.827309420939326148e-04 -9.064942467807381903e-04 -8.480196005806184267e-04 -7.830056687519993362e-04 -7.028182083038172481e-04 -6.178688357546718900e-04 -5.151898263389157948e-04 -5.584074769355855568e-04
-1.598745085386196968e-04 -5.840488736679990463e-04 -9.384781720942262078e-04 -1.390653603850565845e-03 -2.131265567177260262e-03 -3.432413607181382040e-03 -5.504553189607642658e-03 -8.313762733944537672e-03 -1.139549235652236037e-02 -1.382358508819883994e-02 -1.461603132474996632e-02 -1.408575414961050348e-02 -1.686007964496426953e-02 -3.837269948602638203e-02 -1.148173074741543898e-01 -3.353948995278805967e-01 -8.268120894732535753e-01 -2.170422470019061745e+00 -3.720308035499416910e+00 -1.471267554351433304e+01 4.689513961178683132e+00 -2.034283471476047680e+02 7.260030991878136319e+02 -5.388335863345208054e+03 2.357946049722140015e+04 -5.502513646378994963e+03 7.425534826134792183e+02 -2.180512773107861051e+02 2.400284731446995057e+00 -1.745350654628179043e+01 -4.950336858032728493e+00 -2.889215724081589887e+00 -1.171485300560104470e+00 -4.932152215952381180e-01 -1.775579776322916137e-01 -6.160515207213605043e-02 -2.789646046233511256e-02 -2.436890889219229389e-02 -2.691698629247405578e-02 -2.718422199399461725e-02 -2.398888428529263525e-02 -1.877619066287147809e-02 -1.336210835543548414e-02 -8.963810349493894769e-03 -6.027139590923941657e-03 -4.412192800287138318e-03 -3.689936716395177986e-03 -3.397167042519972768e-03 -3.191816323904269823e-03 -2.902954650822743912e-03 -2.505458163398028518e-03 -2.058689039906424784e-03 -1.643133118613844621e-03 -1.316794980093679429e-03 -1.097714556604330836e-03 -9.686028226125182987e-04 -8.934706343255691173e-04 -8.361287163863015187e-04 -7.716128872696095342e-04 -6.976431945557736878e-04 -5.919098841201801166e-04 -6.370052345797652844e-04
-1.551905172071124347e-04 -5.543635073333912176e-04 -8.415328048423023751e-04 -1.122598772135455442e-03 -1.515532749947631546e-03 -2.250246280968844128e-03 -3.596046207278014509e-03 -5.745685293336262774e-03 -8.634854881737916155e-03 -1.176591019252210338e-02 -1.418738475158529307e-02 -1.491348116076760509e-02 -1.429448894198490604e-02 -1.706321279507648850e-02 -3.886586922197285410e-02 -1.162520601079705951e-01 -3.390306375962087726e-01 -8.346011667981424464e-01 -2.186368822209879159e+00 -3.746612197082495932e+00 -1.477122732183623022e+01 4.645995122014418222e+00 -2.037344788743003505e+02 7.263682698642874129e+02 -5.390636308259760881e+03 2.357955958092022775e+04 -5.500335273352287004e+03 7.422659524436999163e+02 -2.177816258383073489e+02 2.446120163954624172e+00 -1.740370133696246313e+01 -4.927973925961409485e+00 -2.876523391030948229e+00 -1.165478648952456231e+00 -4.905029813511951331e-01 -1.764743677066545613e-01 -6.118994832111326887e-02 -2.768132593211522149e-02 -2.415324999052953156e-02 -2.668303301760487078e-02 -2.695587930415162606e-02 -2.377961681149164466e-02 -1.860704314872934501e-02 -1.323607886985156065e-02 -8.874625473579447060e-03 -5.963534999945474882e-03 -4.363227320891344650e-03 -3.647816662896898737e-03 -3.357991822699134786e-03 -3.154782123204343935e-03 -2.868913565504639922e-03 -2.475558630709884158e-03 -2.033517324808501586e-03 -1.622453203899916095e-03 -1.299741498117530604e-03 -1.083208097847050341e-03 -9.556982186329280021e-04 -8.818556178370513419e-04 -8.247941974641488780e-04 -7.669626566861514677e-04 -6.688830885194585810e-04 -7.316569151584882864e-04
-1.365797937030771472e-04 -4.912304416525131159e-04 -7.500216147797682384e-04 -9.753035845711248604e-04 -1.213232056902050415e-03 -1.605447768273913752e-03 -2.373447728039847909e-03 -3.774858455723091935e-03 -5.987004156391528831e-03 -8.928922020402362686e-03 -1.208589077555853770e-02 -1.449249095695811194e-02 -1.516171334495337517e-02 -1.447405334432650369e-02 -1.725182789813192383e-02 -3.932963734177079979e-02 -1.175809710961832205e-01 -3.423747246280583467e-01 -8.417560094387205316e-01 -2.201022009103680066e+00 -3.770828611548504572e+00 -1.482514439001442952e+01 4.605692638883068568e+00 -2.040167183652773701e+02 7.267042705843259682e+02 -5.392760870500082092e+03 2.357964764654171813e+04 -5.498319233338074810e+03 7.419989206070981709e+02 -2.175317937470092318e+02 2.488472940478729800e+00 -1.735754001238049682e+01 -4.907249158738524741e+00 -2.864752717449813524e+00 -1.159907065596751607e+00 -4.879902522392205455e-01 -1.754691931832666751e-01 -6.078187472380324613e-02 -2.746680542476951509e-02 -2.396876840952158125e-02 -2.647635431165211786e-02 -2.674444877337644327e-02 -2.358745221734607003e-02 -1.845097624943296821e-02 -1.311993888057885055e-02 -8.792511449949457283e-03 -5.905075727424073315e-03 -4.318267100140820748e-03 -3.609122983034237543e-03 -3.321947642456442220e-03 -3.120653351680690354e-03 -2.837508896636891341e-03 -2.447963253225807559e-03 -2.010293080139872405e-03 -1.603395252618796622e-03 -1.284072184834018785e-03 -1.069913896093965117e-03 -9.442069636039760773e-04 -8.706856287381592495e-04 -8.210406598737319227e-04 -7.351037337895782254e-04 -8.303944327143976574e-04
-1.086270187930499768e-04 -4.004847786922019156e-04 -6.391620319780818345e-04 -8.619445743967945727e-04 -1.065506135354507035e-03 -1.305364110695540021e-03 -1.712996947300875596e-03 -2.505616375708598787e-03 -3.939224819489723327e-03 -6.189702117340917416e-03 -9.170152515777883068e-03 -1.235325102602243680e-02 -1.475781835109748336e-02 -1.538940607423699113e-02 -1.464989030300992492e-02 -1.744006138912328890e-02 -3.976762130793866368e-02 -1.188074413167892890e-01 -3.454494115771592488e-01 -8.483416416020858053e-01 -2.214529672839095298e+00 -3.793198892879397821e+00 -1.487496337150735215e+01 4.568257756174326722e+00 -2.042777648243158524e+02 7.270144615728499957e+02 -5.394728977946342638e+03 2.357972627348029346e+04 -5.496448026307025430e+03 7.417502741824660006e+02 -2.172996718265717675e+02 2.527723134573012675e+00 -1.731463882421105538e+01 -4.887989789490931436e+00 -2.853809352020284518e+00 -1.154723736152432512e+00 -4.856292697071784015e-01 -1.745189473052715101e-01 -6.041736739884346480e-02 -2.727770407529774011e-02 -2.379803337293997026e-02 -2.628636425233613072e-02 -2.654875356086944943e-02 -2.340944525214315799e-02 -1.830631533875499636e-02 -1.301233797782279031e-02 -8.716522116863857986e-03 -5.851060116072307957e-03 -4.276766579261665965e-03 -3.573397422020719444e-03 -3.288628708041869530e-03 -3.089065266447999728e-03 -2.808418756041334598e-03 -2.422399212158461799e-03 -1.988795934823620222e-03 -1.585806284187091329e-03 -1.269656198290308952e-03 -1.058074397864440606e-03 -9.330520158582941400e-04 -8.679700481902841462e-04 -7.861668134012659735e-04 -9.195346942000431076e-04
-7.936987079738703002e-05 -3.034171425781482883e-04 -5.162610745981498781e-04 -7.443893355367971632e-04 -9.622461001219477766e-04 -1.166989219968867127e-03 -1.405879816369783909e-03 -1.812247761230057624e-03 -2.610379227832442927e-03 -4.063892859834737636e-03 -6.350684446847652299e-03 -9.376229156436356738e-03 -1.259623928085997976e-02 -1.500948708435202034e-02 -1.561124994744339696e-02 -1.482264627392779720e-02 -1.761880903594363959e-02 -4.017030522470660392e-02 -1.199335087523630688e-01 -3.482821567100952143e-01 -8.544256602548344626e-01 -2.227027490846511970e+00 -3.813933356623110615e+00 -1.492113963405603627e+01 4.533395739908153033e+00 -2.045199186574641317e+02 7.273017106418869844e+02 -5.396557297357573589e+03 2.357979676595128694e+04 -5.494706584713472694e+03 7.415181769900462996e+02 -2.170834423242964135e+02 2.564198268914580137e+00 -1.727466629639971174e+01 -4.870044398770955851e+00 -2.843583159667879556e+00 -1.149874530336930212e+00 -4.834408257572432310e-01 -1.736422463404226624e-01 -6.007826002431990164e-02 -2.710390217086095302e-02 -2.364018580513863044e-02 -2.611021881793190377e-02 -2.636688738918754882e-02 -2.324385324512517892e-02 -1.817170946670740653e-02 -1.291225828845037407e-02 -8.645917170592414686e-03 -5.800940354986891534e-03 -4.238295626567642818e-03 -3.540275081637572416e-03 -3.257708520300095761e-03 -3.059722799932374643e-03 -2.781384428884029879e-03 -2.398651201864642098e-03 -1.968876092013014008e-03 -1.569555999763401011e-03 -1.256775566063933047e-03 -1.046491843505393876e-03 -9.311496071809253691e-04 -8.304683300033807464e-04 -9.914964626972088031e-04
-5.545156791168583289e-05 -2.203966456033119761e-04 -4.000758458017650591e-04 -6.185442350974546932e-04 -8.496404949344206264e-04 -1.065547048575072155e-03 -1.258985675320147034e-03 -1.482505898469818791e-03 -1.879256106418398338e-03 -2.683468912456631571e-03 -4.163924879571669242e-03 -6.495543513863495481e-03 -9.571803775022660887e-03 -1.282985901962603592e-02 -1.524985706233594925e-02 -1.581961867371127831e-02 -1.498082465926977094e-02 -1.777953170579298775e-02 -4.053789612079358035e-02 -1.209728755218757584e-01 -3.509062037094811681e-01 -8.600698242441592312e-01 -2.238629215848198850e+00 -3.833206140388306871e+00 -1.496405700293563790e+01 4.500855176156276727e+00 -2.047451575924066560e+02 7.275684737913898061e+02 -5.398260213000256044e+03 2.357986020690907390e+04 -5.493081863344497833e+03 7.413010300834195050e+02 -2.168815283470480040e+02 2.598183438991436667e+00 -1.723730709425475638e+01 -4.853268379081285389e+00 -2.834038693569896683e+00 -1.145350190689242043e+00 -4.813947516864328646e-01 -1.728245998638988368e-01 -5.976257812758587612e-02 -2.694274704986953164e-02 -2.349362117383179890e-02 -2.594623297800792774e-02 -2.619729080170062410e-02 -2.308930854454021783e-02 -1.804606051762516067e-02 -1.281887249484901965e-02 -8.580093806171525811e-03 -5.754271085762299211e-03 -4.202504225618044348e-03 -3.509458084305735592e-03 -3.228920008532077963e-03 -3.032386530174860807e-03 -2.756199581491937476e-03 -2.376572285045601678e-03 -1.950399774376403508e-03 -1.554952926420672668e-03 -1.244121935141664134e-03 -1.044830786142795674e-03 -8.914131234965091055e-04 -1.052793056081088559e-03
-3.990177107017775580e-05 -1.623312129346696946e-04 -3.062034681974871368e-04 -4.963272039020864791e-04 -7.175460311785736159e-04 -9.431023806774044456e-04 -1.144490495112835456e-03 -1.320249654221913741e-03 -1.530912646584663139e-03 -1.927129633910054738e-03 -2.747722042419779246e-03 -4.261485947981947901e-03 -6.637837192835377605e-03 -9.759191218919490568e-03 -1.304773186386577223e-02 -1.546931334056843473e-02 -1.600708525072377236e-02 -1.512245758245157369e-02 -1.792639540046294527e-02 -4.088008341049264444e-02 -1.219412422871747892e-01 -3.533479297989882140e-01 -8.653210765546071048e-01 -2.249425965605228672e+00 -3.851163132846327830e+00 -1.500404606408247865e+01 4.470414081628122815e+00 -2.049551961121285899e+02 7.278168650699693671e+02 -5.399850202887867454e+03 2.357991750550932557e+04 -5.491562509164436960e+03 7.410974359524000192e+02 -2.166925285543646282e+02 2.629938978051458598e+00 -1.720234465543767044e+01 -4.837572301972630662e+00 -2.825098190964992817e+00 -1.141112838306013844e+00 -4.794781196755821817e-01 -1.720593250573785316e-01 -5.946776474136549612e-02 -2.679269187239367508e-02 -2.335703786925469316e-02 -2.579308193205574751e-02 -2.603867810356080489e-02 -2.294467345708540301e-02 -1.792844915034789294e-02 -1.273148789536319644e-02 -8.518548616413046393e-03 -5.710681829514032554e-03 -4.169102190478130715e-03 -3.480700332672428867e-03 -3.202045156374726687e-03 -3.006864628284435913e-03 -2.732724584190400659e-03 -2.356027575361742746e-03 -1.933697987150221221e-03 -1.540597531953240458e-03 -1.241998576705922400e-03 -1.002794857766396101e-03 -1.128129946503741337e-03
-3.219946620536440110e-05 -1.293985396355389419e-04 -2.406941359677703101e-04 -3.913515116211532265e-04 -5.795202281722921850e-04 -7.928723717539395022e-04 -1.006294125293136568e-03 -1.195469248678886079e-03 -1.362851914703724649e-03 -1.572099877738510542e-03 -1.976146563607175926e-03 -2.815238694867568288e-03 -4.358059356403799767e-03 -6.771006706804156422e-03 -9.929200437923377254e-03 -1.324334306658598269e-02 -1.566694899309844027e-02 -1.617814673419760638e-02 -1.525495210403586197e-02 -1.806683749653408694e-02 -4.120324672496265134e-02 -1.228463327707763897e-01 -3.556236245751270841e-01 -8.702156987157328993e-01 -2.259495851078610507e+00 -3.867933396251702405e+00 -1.504139766923094079e+01 4.441874403972233765e+00 -2.051515263347282030e+02 7.280487180391761513e+02 -5.401338142681433965e+03 2.357996943084907252e+04 -5.490138569684496360e+03 7.409061784494105041e+02 -2.165152725145959494e+02 2.659656455499446626e+00 -1.716954384084900553e+01 -4.822848924515699132e+00 -2.816706507518023539e+00 -1.137135055476219847e+00 -4.776787730943106713e-01 -1.713413052757510602e-01 -5.919167486240248244e-02 -2.665252600279638742e-02 -2.322937215437855668e-02 -2.564966173654835771e-02 -2.588996177997612488e-02 -2.280897960562372484e-02 -1.781809125541003458e-02 -1.264951441161961745e-02 -8.460854419801105628e-03 -5.669860175712084296e-03 -4.137847051751921378e-03 -3.453800175555655876e-03 -3.176910028232832542e-03 -2.983032307957923963e-03 -2.710832182269035627e-03 -2.337384510761012987e-03 -1.917290279736402975e-03 -1.537545225675590816e-03 -1.196666410500307883e-03 -1.256823848604953680e-03
-2.965130936446817020e-05 -1.144535162735271132e-04 -2.003411589326868473e-04 -3.112123998028604155e-04 -4.547295545511649334e-04 -6.347784448335794900e-04 -8.411818699830600748e-04 -1.050465349620223390e-03 -1.238160284966609639e-03 -1.405936179704267300e-03 -1.617476357060470453e-03 -2.027477079096182480e-03 -2.879297424035464140e-03 -4.444252982206562709e-03 -6.888282064847123243e-03 -1.008077930772330322e-02 -1.342135837383862627e-02 -1.585062564914786060e-02 -1.634036249769282509e-02 -1.538284772701577381e-02 -1.820175929747303370e-02 -4.150674597179738329e-02 -1.236907558964031040e-01 -3.577467277318145955e-01 -8.747875571297809572e-01 -2.268910632749279621e+00 -3.883632857229259105e+00 -1.507636720275819719e+01 4.415062888823920062e+00 -2.053354512351287724e+02 7.282656320201259632e+02 -5.402733529868701225e+03 2.358001664754831290e+04 -5.488801359821951337e+03 7.407261495648481286e+02 -2.163486868229121285e+02 2.687531750254956275e+00 -1.713871045549103656e+01 -4.809009553744556520e+00 -2.808814296687506928e+00 -1.133393416126785125e+00 -4.759860928326156149e-01 -1.706661727525747019e-01 -5.893249563473921399e-02 -2.652124247634752088e-02 -2.310972945336801226e-02 -2.551503125795627838e-02 -2.575020697476746237e-02 -2.268139143029875709e-02 -1.771430981331323373e-02 -1.257244361106132739e-02 -8.406645246194346943e-03 -5.631541677623699664e-03 -4.108539430600294598e-03 -3.428599133983629369e-03 -3.153411995531450306e-03 -2.960782225714686435e-03 -2.690962396404917873e-03 -2.319059279183600768e-03 -1.913468024104368875e-03 -1.486730963976539343e-03 -1.479954286319182894e-03
-2.907746206343553416e-05 -1.079835066162517567e-04 -1.766504501995366783e-04 -2.557848163986727887e-04 -3.565663911044542164e-04 -4.935480086528473307e-04 -6.718749507333624102e-04 -8.806926824764258269e-04 -1.093765645030198973e-03 -1.283709080820467354e-03 -1.450967555355934472e-03 -1.660784981742949740e-03 -2.071964281703913592e-03 -2.932908334000885672e-03 -4.518374617701054717e-03 -6.993541376659738809e-03 -1.022123917432738067e-02 -1.358932177170928124e-02 -1.602536640906566251e-02 -1.649497808898179457e-02 -1.550416786259047226e-02 -1.832803159133343518e-02 -4.178938758563288669e-02 -1.244790714019930883e-01 -3.597326590973783933e-01 -8.790694688329374618e-01 -2.277734712721943389e+00 -3.898362097966195261e+00 -1.510917815768126182e+01 4.389828494026716932e+00 -2.055080894382023189e+02 7.284690184000808131e+02 -5.404044769318975341e+03 2.358005968933007171e+04 -5.487543178483715565e+03 7.405563949746790513e+02 -2.161918360132811756e+02 2.713731764946546221e+00 -1.710967220782962883e+01 -4.795976563475763399e+00 -2.801378024525746468e+00 -1.129867339018258532e+00 -4.743907572230012248e-01 -1.700301201249183325e-01 -5.868866568508358805e-02 -2.639798362111812555e-02 -2.299734383918651884e-02 -2.538837724470960691e-02 -2.561860128252558405e-02 -2.256118106114236507e-02 -1.761651523731105895e-02 -1.249983453456088821e-02 -8.355607478306303557e-03 -5.595507704796834174e-03 -4.081025885079194240e-03 -3.405019663571796917e-03 -3.131474028462942483e-03 -2.940680703020862648e-03 -2.671354460896738225e-03 -2.315464762442440497e-03 -1.853980693198915017e-03 -1.820858667873817950e-03
-2.808592583144028698e-05 -1.021968778266321259e-04 -1.604629507621698360e-04 -2.194066788713584402e-04 -2.885604463806450007e-04 -3.853033080630598509e-04 -5.239799551478567952e-04 -7.077181726187653944e-04 -9.221972160268431494e-04 -1.138084063946090537e-03 -1.326657098778067506e-03 -1.489508494840764133e-03 -1.695331179488179319e-03 -2.107651254457327487e-03 -2.979213623483108111e-03 -4.586791062547571074e-03 -7.093518182715712397e-03 -1.035523489786949712e-02 -1.374869909256183458e-02 -1.618984173912666261e-02 -1.663929155101865481e-02 -1.561655971910633732e-02 -1.844513058548974058e-02 -4.205372457230524552e-02 -1.252184372452818106e-01 -3.615965781062046025e-01 -8.830892731309516464e-01 -2.286024401030035236e+00 -3.912207677086834146e+00 -1.514000344232363915e+01 4.366048690798480791e+00 -2.056704779810082186e+02 7.286600852780559308e+02 -5.405279240102157019e+03 2.358009903950936132e+04 -5.486357220818429596e+03 7.403960607994745260e+02 -2.160438902417584472e+02 2.738403267773168448e+00 -1.708227643370974747e+01 -4.783681269473766484e+00 -2.794359132036161153e+00 -1.126538609264151836e+00 -4.728845282544418271e-01 -1.694297975705177928e-01 -5.845882401609208551e-02 -2.628200865502714270e-02 -2.289155163083758313e-02 -2.526899016574478754e-02 -2.549443297624457913e-02 -2.244771008736269613e-02 -1.752419181014187866e-02 -1.243130566847736214e-02 -8.307479891262846070e-03 -5.561592132032397787e-03 -4.055248844122566997e-03 -3.383017083029044459e-03 -3.111845065846524649e-03 -2.920664095449625099e-03 -2.669677139643359450e-03 -2.243833054095508654e-03 -2.266252448314329954e-03
-2.561779505444390352e-05 -9.307328070792438826e-05 -1.452152987487567422e-04 -1.944323774579925941e-04 -2.458273473585946361e-04 -3.132796768489320657e-04 -4.127135355640448714e-04 -5.562760883190859566e-04 -7.444549696308982219e-04 -9.609768170314484607e-04 -1.175791957911069508e-03 -1.360863231677485706e-03 -1.519731435494587083e-03 -1.723956247433663198e-03 -2.140288631116498645e-03 -3.024194923050583031e-03 -4.653465331388663764e-03 -7.189225171249561883e-03 -1.048135309128858661e-02 -1.389710473703955652e-02 -1.634224804214747320e-02 -1.677303539148729261e-02 -1.572141830929094097e-02 -1.855566617932238524e-02 -4.230362544095774002e-02 -1.259142657145917166e-01 -3.633516244312030019e-01 -8.868696165812834931e-01 -2.293806351603992155e+00 -3.925235007005505317e+00 -1.516904578206469090e+01 4.343582927790549775e+00 -2.058234938107830487e+02 7.288399244042153668e+02 -5.406443493263504934e+03 2.358013510926226445e+04 -5.485237440822878852e+03 7.402443846102811449e+02 -2.159041114907593908e+02 2.761676277443386063e+00 -1.705638737058920285e+01 -4.772062618525912292e+00 -2.787723321883633698e+00 -1.123391031025869014e+00 -4.714600884454918650e-01 -1.688622393242390773e-01 -5.824177441316885639e-02 -2.617267136867974450e-02 -2.279177251551907715e-02 -2.515624638014953354e-02 -2.537707494369017408e-02 -2.234041698943647208e-02 -1.743689040243384322e-02 -1.236653669740525249e-02 -8.262062900581580369e-03 -5.529742822094173803e-03 -4.031184653801108027e-03 -3.363559658726897154e-03 -3.092004769753279106e-03 -2.922701386873738545e-03 -2.583280584816103394e-03 -2.758883970601426223e-03
-2.182500324550191198e-05 -8.033554137586225333e-05 -1.281223647497967632e-04 -1.742695066631627676e-04 -2.192116925136740899e-04 -2.703305664166194945e-04 -3.394978284632901226e-04 -4.411406318671715087e-04 -5.863216837071487299e-04 -7.751393019293040341e-04 -9.913841070184879235e-04 -1.205253948680513366e-03 -1.389077047675444385e-03 -1.547101506090464403e-03 -1.752261062119788446e-03 -2.173431940671099148e-03 -3.068467602886610062e-03 -4.716628369647590802e-03 -7.278018301699566185e-03 -1.059771130314566753e-02 -1.403443244236997518e-02 -1.648430559583920554e-02 -1.689892148845096101e-02 -1.582154491275589159e-02 -1.866110510057439331e-02 -4.254233875639035212e-02 -1.265695450147665546e-01 -3.649871535922116217e-01 -8.904198046959667101e-01 -2.301152589498096201e+00 -3.937532622775209212e+00 -1.519644591019816637e+01 4.322330782633438950e+00 -2.059679265759842508e+02 7.290094979110770055e+02 -5.407543354384431041e+03 2.358016825356137997e+04 -5.484178449115092008e+03 7.401006839532757340e+02 -2.157718411969574959e+02 2.783666442033867927e+00 -1.703188385811841243e+01 -4.761066140204448516e+00 -2.781439974745584465e+00 -1.120410148008783358e+00 -4.701109107252479102e-01 -1.683248065751776767e-01 -5.803645862822766344e-02 -2.606940357977873685e-02 -2.269749548052114527e-02 -2.504959503318095193e-02 -2.526597386361229686e-02 -2.223881078714688361e-02 -1.735423128638129142e-02 -1.230527816646458279e-02 -8.219288380533422422e-03 -5.499932087263631128e-03 -4.010017246208537334e-03 -3.343537196636908303e-03 -3.098753569105276891e-03 -2.820878512752707668e-03 -3.212785211116953900e-03
-1.755018049733639659e-05 -6.607535441301150508e-05 -1.095727773252289111e-04 -1.549835885152424288e-04 -1.995780134925666076e-04 -2.445453351097825177e-04 -2.954572297208559449e-04 -3.637574783558316510e-04 -4.642594653961177090e-04 -6.088545961691959685e-04 -7.982188475611953337e-04 -1.016025060281338776e-03 -1.231701338484136529e-03 -1.416694021024847688e-03 -1.575045570597596476e-03 -1.780778879342837916e-03 -2.205200827814557396e-03 -3.109181060090229591e-03 -4.774090685613188549e-03 -7.359461817307401746e-03 -1.070581475084513880e-02 -1.416341485919017824e-02 -1.661904174018427258e-02 -1.701853735910282064e-02 -1.591926372109458629e-02 -1.876102665642024117e-02 -4.275121085193440973e-02 -1.271765442030236837e-01 -3.665406624404741187e-01 -8.937776942988212570e-01 -2.308089275110869032e+00 -3.949155117958263794e+00 -1.522233992300859740e+01 4.302197459704556692e+00 -2.061044789605636538e+02 7.291696605296116331e+02 -5.408584021978554119e+03 2.358019878054410219e+04 -5.483175426138791408e+03 7.399643461939969029e+02 -2.156464898125799152e+02 2.804476986057740540e+00 -1.700865741470816417e+01 -4.750643075291518080e+00 -2.775481663651742537e+00 -1.117583012077407290e+00 -4.688311515621402803e-01 -1.678151413481665244e-01 -5.784193534193745462e-02 -2.597170264158440642e-02 -2.260826869053189289e-02 -2.494854964149522542e-02 -2.516064512166143671e-02 -2.214247429869073414e-02 -1.727591200878471345e-02 -1.224742502671986172e-02 -8.179092589529913387e-03 -5.473509200448521163e-03 -3.987990611946064419e-03 -3.354302842382219513e-03 -2.983203259954373809e-03 -3.556578605242260733e-03
-1.373090205313379377e-05 -5.298814597320440503e-05 -9.159114773681510235e-05 -1.354076875078444233e-04 -1.806625816991430091e-04 -2.247332323279329790e-04 -2.676920444031864613e-04 -3.156152614809813912e-04 -3.811888573797555407e-04 -4.805483930908506355e-04 -6.262484157579604332e-04 -8.186055021480669698e-04 -1.040050248327843794e-03 -1.258476394459260087e-03 -1.444311482217376695e-03 -1.601806561213399861e-03 -1.806721495739154219e-03 -2.233311481897084713e-03 -3.145620479165645543e-03 -4.826951492312107211e-03 -7.435887979979040156e-03 -1.080844815254416308e-02 -1.428568814191891884e-02 -1.674898830464098196e-02 -1.713162501605168184e-02 -1.599579544355397495e-02 -1.884500277310725141e-02 -4.295914013507196039e-02 -1.277570953312233137e-01 -3.680088854973679324e-01 -8.969535629445102298e-01 -2.314650262594870167e+00 -3.960155947066105409e+00 -1.524684864677252349e+01 4.283097237330214746e+00 -2.062337789944871531e+02 7.293211745771404821e+02 -5.409570149652351574e+03 2.358022695878641389e+04 -5.482224048766263877e+03 7.398348198315687796e+02 -2.155275279811944245e+02 2.824200341258387592e+00 -1.698661061508311576e+01 -4.740749642145265064e+00 -2.769823745227590006e+00 -1.114897989084770114e+00 -4.676155618058305818e-01 -1.673311286388949048e-01 -5.765736362392551162e-02 -2.587912251754501819e-02 -2.252369343230201104e-02 -2.485268461229327847e-02 -2.506067639060069116e-02 -2.205106940793111897e-02 -1.720178173855665613e-02 -1.219285295604451667e-02 -8.142914526012269560e-03 -5.446127725341257803e-03 -4.000021371772519325e-03 -3.228048671680036532e-03 -3.799845363724190569e-03
-1.097177719130370163e-05 -4.299354003764510916e-05 -7.625706022630159193e-05 -1.162646118184635101e-04 -1.599649052072995951e-04 -2.038276870454898751e-04 -2.449145384605297382e-04 -2.842858698122503356e-04 -3.293591380260614348e-04 -3.939366374341190559e-04 -4.945614341219239799e-04 -6.433438434771843618e-04 -8.394914660585284022e-04 -1.064089427541389929e-03 -1.283980862286366329e-03 -1.469325580897013492e-03 -1.625206289940286757e-03 -1.829328280144953316e-03 -2.258645131588376143e-03 -3.179766579069877655e-03 -4.877590994768393751e-03 -7.508615731323280314e-03 -1.090794118758908748e-02 -1.440109213447047197e-02 -1.685622264705098627e-02 -1.722820413888606628e-02 -1.607844420260012841e-02 -1.893157004654502651e-02 -4.315641712621077347e-02 -1.283079656658958345e-01 -3.693991272835407402e-01 -8.999611609144503310e-01 -2.320865165879518965e+00 -3.970583564089642081e+00 -1.527008035645371997e+01 4.264952823266551007e+00 -2.063563897110124401e+02 7.294647221707823519e+02 -5.410505915662738516e+03 2.358025302325941084e+04 -5.481320427972928883e+03 7.397116070690921106e+02 -2.154144790387873627e+02 2.842919524265326459e+00 -1.696565571285987062e+01 -4.731346414671554257e+00 -2.764444013120160637e+00 -1.112344594650205076e+00 -4.664594117841448506e-01 -1.668708653361359873e-01 -5.748199039895066781e-02 -2.579126854883362005e-02 -2.244342235125389509e-02 -2.476164012551624119e-02 -2.496573264685248567e-02 -2.196441566900029368e-02 -1.713165813273104590e-02 -1.214304632753644350e-02 -8.105959093157977247e-03 -5.455296308161992555e-03 -3.864469789334600437e-03 -4.101779954530624522e-03
-9.386563085822529845e-06 -3.662738460456988528e-05 -6.468131008855917258e-05 -9.896444880941759165e-05 -1.380446473592335016e-04 -1.796766057533442191e-04 -2.205957489354519832e-04 -2.588249269755216794e-04 -2.962932092956359342e-04 -3.409227964051630760e-04 -4.065411312316068626e-04 -5.093176023040215609e-04 -6.607544484072700244e-04 -8.593840219685317406e-04 -1.085695568373737634e-03 -1.306171199323264559e-03 -1.491034099669052765e-03 -1.646081433230174801e-03 -1.850432599251700073e-03 -2.283343681300029158e-03 -3.212665959878431912e-03 -4.927997524047990699e-03 -7.577262616695124194e-03 -1.098685607964265849e-02 -1.450003074540634485e-02 -1.696735073662851770e-02 -1.732632050759071521e-02 -1.615724954241652342e-02 -1.901529128927799753e-02 -4.334426956148079713e-02 -1.288306975986905634e-01 -3.707172968320385786e-01 -9.028133750509351740e-01 -2.326760608454964352e+00 -3.980481595626552682e+00 -1.529213236074957294e+01 4.247694399028010714e+00 -2.064728173277125336e+02 7.296009155185977306e+02 -5.411395082093790734e+03 2.358027718025855211e+04 -5.480461055675317766e+03 7.395942574381164150e+02 -2.153069126111044795e+02 2.860709307237648602e+00 -1.694571346515453669e+01 -4.722397792094512603e+00 -2.759322402615890901e+00 -1.109913354611577141e+00 -4.653584282515273451e-01 -1.664326350435031410e-01 -5.731514210555711114e-02 -2.570779695994802536e-02 -2.236716821345855616e-02 -2.467513379983761468e-02 -2.487565374370381138e-02 -2.188232035556671867e-02 -1.706714332370230791e-02 -1.209287652881755812e-02 -8.108774503770396075e-03 -5.305609538645290890e-03 -4.807481340349075913e-03
-8.684016444005920052e-06 -3.318032794758321059e-05 -5.673606440893674824e-05 -8.462090862199098758e-05 -1.170023544463801398e-04 -1.538252410015998194e-04 -1.933149362969925329e-04 -2.327784700518312254e-04 -2.704122701518108462e-04 -3.080002241441229726e-04 -3.531895401213137864e-04 -4.196138126795269136e-04 -5.234139441118646667e-04 -6.761504224560746078e-04 -8.763293656144132207e-04 -1.104201557316462695e-03 -1.325864938415166052e-03 -1.511213703942786840e-03 -1.666486735034678965e-03 -1.870986995836210632e-03 -2.309200799640560766e-03 -3.243754416445489373e-03 -4.961087271991923217e-03 -7.632330636872478036e-03 -1.107079793771547499e-02 -1.460001915825647097e-02 -1.707293368277843990e-02 -1.742081148830940118e-02 -1.623288665873581782e-02 -1.909559452046264219e-02 -4.352319213581028190e-02 -1.293272277240638257e-01 -3.719687665719136338e-01 -9.055218891124695579e-01 -2.332360587233113680e+00 -3.989889377422878525e+00 -1.531309233881663801e+01 4.231258754676570533e+00 -2.065835182310147502e+02 7.297303056579022495e+02 -5.412241045411678897e+03 2.358029961150344388e+04 -5.479642759197607120e+03 7.394823623087097531e+02 -2.152044391238701451e+02 2.877637217304515271e+00 -1.692671212519934087e+01 -4.713871544961275362e+00 -2.754440737762878122e+00 -1.107595685990025780e+00 -4.643087415327722955e-01 -1.660148893739381293e-01 -5.715622384140972567e-02 -2.562843160719207453e-02 -2.229473362083233406e-02 -2.459310591100647911e-02 -2.479033548520305844e-02 -2.180678182171897142e-02 -1.700266283595450872e-02 -1.208958993190338907e-02 -7.928793040063204442e-03 -6.409738466167304305e-03
-8.388259918825178107e-06 -3.129409119092270132e-05 -5.138719946557430100e-05 -7.356193619004533632e-05 -9.895167819364000870e-05 -1.293903846199418318e-04 -1.651524318801765394e-04 -2.045290304224575012e-04 -2.444185289902203783e-04 -2.824597487209594589e-04 -3.200586532069161464e-04 -3.648797634602078416e-04 -4.309547355817897551e-04 -5.349735978192839874e-04 -6.888669918240172309e-04 -8.910887200824909801e-04 -1.121308398441479360e-03 -1.345052153160173573e-03 -1.530801264595155718e-03 -1.688153053979071392e-03 -1.890401479906303169e-03 -2.319607483391074136e-03 -3.263664503012386406e-03 -5.001372615062445876e-03 -7.690567109261097281e-03 -1.115056168819130236e-02 -1.469612051227545471e-02 -1.717378801270212293e-02 -1.751120562718486845e-02 -1.630537337040969745e-02 -1.917250353350458125e-02 -4.369369848689078073e-02 -1.297994012634887118e-01 -3.731584265121673516e-01 -9.080972716334692052e-01 -2.337686771066632918e+00 -3.998842455785707628e+00 -1.533303949515628695e+01 4.215588532957124102e+00 -2.066889049588382363e+02 7.298533899123179935e+02 -5.413046879826846634e+03 2.358032047757261171e+04 -5.478862662119068773e+03 7.393755501451731789e+02 -2.151067050772261098e+02 2.893764393549655978e+00 -1.690858657536462673e+01 -4.705738424600111713e+00 -2.749782513915090654e+00 -1.105383795764972810e+00 -4.633068443535565684e-01 -1.656162429271518799e-01 -5.700474852255327241e-02 -2.555302508854426571e-02 -2.222624396327367233e-02 -2.451567332078046293e-02 -2.471270514361512127e-02 -2.173119772396932617e-02 -1.700052340182608979e-02 -1.184863769517674990e-02 -9.400844872327321702e-03
-8.068292090861095604e-06 -2.964407919257934637e-05 -4.730249095167081256e-05 -6.533675131286027261e-05 -8.502855465298642199e-05 -1.090945739633949693e-04 -1.393697557115527704e-04 -1.757987613275525008e-04 -2.159942646337636931e-04 -2.562247575904676731e-04 -2.938417374261386881e-04 -3.304326459587412731e-04 -3.742203425919638903e-04 -4.399118947637440779e-04 -5.446916148880830838e-04 -7.005030533883856159e-04 -9.055568043130448382e-04 -1.137921174657984544e-03 -1.365420464033035306e-03 -1.549248779857391369e-03 -1.695054023512520582e-03 -1.899572540281192811e-03 -2.338110033428454897e-03 -3.288418727743003429e-03 -5.039784897705624524e-03 -7.747039274271439596e-03 -1.122685478226462599e-02 -1.478792282477547383e-02 -1.727007410675777607e-02 -1.759759706514799765e-02 -1.637479178907471494e-02 -1.924614100060298774e-02 -4.385630599703119192e-02 -1.302489236690208274e-01 -3.742907192303293606e-01 -9.105490926070687330e-01 -2.342758768511964629e+00 -4.007373027690469769e+00 -1.535204555608598120e+01 4.200631571779676499e+00 -2.067893513429686436e+02 7.299706182825181031e+02 -5.413815374628300560e+03 2.358033992078888696e+04 -5.478118150481090197e+03 7.392734823919377050e+02 -2.150133889627531971e+02 2.909146325121529042e+00 -1.689127757763799309e+01 -4.697971825719609917e+00 -2.745332711493682520e+00 -1.103270600400832357e+00 -4.623495746157434416e-01 -1.652355168200411173e-01 -5.686043886965538169e-02 -2.548192028431555192e-02 -2.216215083512167172e-02 -2.444742805114612227e-02 -2.463389897170965848e-02 -2.174614595385491317e-02 -1.665521111122600373e-02 -1.401165042606003323e-02
-7.485537589550149205e-06 -2.741635877785452883e-05 -4.340882568704973341e-05 -5.904325080623948905e-05 -7.511654218230217792e-05 -9.412784408932281315e-05 -1.184693251912373484e-04 -1.494873164053734597e-04 -1.865143434762151452e-04 -2.267386292721413222e-04 -2.663378164704173251e-04 -3.029113169294183651e-04 -3.385093558895168795e-04 -3.818622530465145800e-04 -4.479918593343235490e-04 -5.543603700586752702e-04 -7.119101314801326141e-04 -9.213521328266871058e-04 -1.153519655471384620e-03 -1.371536748647421205e-03 -1.557772337328386814e-03 -1.709881061611290623e-03 -1.913927490975862993e-03 -2.355874405385647349e-03 -3.313117389767425338e-03 -5.076841541285924408e-03 -7.801199914454447042e-03 -1.129975635777580138e-02 -1.487555404331564191e-02 -1.736199771510323758e-02 -1.768016678927546506e-02 -1.644126820349216603e-02 -1.931665852807052872e-02 -4.401151189928281804e-02 -1.306773595580907610e-01 -3.753696817786586482e-01 -9.128860332248317500e-01 -2.347594363359434944e+00 -4.015510323491757738e+00 -1.537017563040770973e+01 4.186340331954117921e+00 -2.068851969449515593e+02 7.300823989448969087e+02 -5.414549066445702010e+03 2.358035806765388406e+04 -5.477406843516893787e+03 7.391758498950747480e+02 -2.149241977223873050e+02 2.923833490202399688e+00 -1.687473112342516757e+01 -4.690547496666221505e+00 -2.741077645225547865e+00 -1.101249682980429245e+00 -4.614341679640270866e-01 -1.648718786235257028e-01 -5.672373992266167148e-02 -2.541590742913673109e-02 -2.210944955508061666e-02 -2.437538368642356082e-02 -2.468851445003696771e-02 -2.124995710608446400e-02 -1.988889366170677742e-02
-6.625278795621238700e-06 -2.445332042661396794e-05 -3.919116618584083663e-05 -5.374242353063952960e-05 -6.815861454891621160e-05 -8.399060028974690670e-05 -1.032307759173488852e-04 -1.278629724627658481e-04 -1.589101994352801206e-04 -1.956058580359999256e-04 -2.352379679629242623e-04 -2.741910446733388852e-04 -3.102922314768450599e-04 -3.457249932782424781e-04 -3.895150681451127624e-04 -4.560019096381253355e-04 -5.655242092271995594e-04 -7.225772568759282607e-04 -9.236075753897874741e-04 -1.159624041144956741e-03 -1.385260019635296130e-03 -1.571262788709281615e-03 -1.724120817177185938e-03 -1.928706173770442130e-03 -2.373319986032112333e-03 -3.337106604628797390e-03 -5.112468607202830771e-03 -7.853037383866882937e-03 -1.136939542837092122e-02 -1.495922062488106753e-02 -1.744979310883847112e-02 -1.775911638918811417e-02 -1.650494518921285375e-02 -1.938421582090544062e-02 -4.415978437015715546e-02 -1.310861411389309950e-01 -3.763989870337711152e-01 -9.151159839551177289e-01 -2.352209720126787751e+00 -4.023280939406835621e+00 -1.538748895464136446e+01 4.172671398037484991e+00 -2.069767508961076885e+02 7.301891030004171625e+02 -5.415250267224970230e+03 2.358037503091213512e+04 -5.476726568213460268e+03 7.390823697810208159e+02 -2.148388636662637339e+02 2.937871910327678915e+00 -1.685889787216979840e+01 -4.683443302295133392e+00 -2.737004866983255180e+00 -1.099315337650696778e+00 -4.605584106783608411e-01 -1.645254850871651908e-01 -5.659555118586859918e-02 -2.536476279986613763e-02 -2.204891349502289752e-02 -2.449101327877824946e-02 -2.400997772606796796e-02 -2.585508353908981885e-02
-5.632575301010717670e-06 -2.110373612070867076e-05 -3.469087251447253194e-05 -4.877011596037565601e-05 -6.275410554764176909e-05 -7.706842405752995049e-05 -9.276486637797199026e-05 -1.116555172657499956e-04 -1.357403735164685937e-04 -1.662244387047872056e-04 -2.025408122557156452e-04 -2.420837378373547240e-04 -2.811553400223400917e-04 -3.176256597744449121e-04 -3.528618232566366306e-04 -3.986663389750111949e-04 -4.634487152669821298e-04 -5.638743830797553246e-04 -7.243103791282199571e-04 -9.333363280140915793e-04 -1.170583237640652379e-03 -1.398407507959505570e-03 -1.585144112921694701e-03 -1.738174567803052288e-03 -1.943244806787543461e-03 -2.390302086959220605e-03 -3.360261546574516353e-03 -5.146654644995678901e-03 -7.902628438682519213e-03 -1.143593426956759050e-02 -1.503914450701611741e-02 -1.753369814112314129e-02 -1.783464901235626635e-02 -1.656596884042395301e-02 -1.944897181681271708e-02 -4.430156002676142318e-02 -1.314765789250088024e-01 -3.773819816683022799e-01 -9.172461309289396958e-01 -2.356619563107711812e+00 -4.030709126866828917e+00 -1.540403954027643252e+01 4.159585041788068871e+00 -2.070642952326725492e+02 7.302910685909005224e+02 -5.415921088566705293e+03 2.358039091131154419e+04 -5.476075337129819673e+03 7.389927827260911499e+02 -2.147571417834288638e+02 2.951303626428369409e+00 -1.684373267928218709e+01 -4.676639052893658999e+00 -2.733103162519233464e+00 -1.097462684125074306e+00 -4.597213294392842320e-01 -1.641967577956576774e-01 -5.648799124454319254e-02 -2.530143041386763436e-02 -2.223097939609401316e-02 -2.363651283491616586e-02 -3.001498944813971864e-02
-4.703770839748630124e-06 -1.791805454646977177e-05 -3.028895975198147341e-05 -4.385737517626696292e-05 -5.772700209341497120e-05 -7.149352510892994562e-05 -8.523881249884675314e-05 -1.000832756310183320e-04 -1.180976771262099925e-04 -1.415943820655479952e-04 -1.719765124968806352e-04 -2.086143696430458867e-04 -2.488449377791312773e-04 -2.879928806149501452e-04 -3.263550213565985796e-04 -3.594607279624155308e-04 -3.955785892517386026e-04 -4.624294270320230649e-04 -5.695790724655469799e-04 -7.309070142504214135e-04 -9.426671215590238118e-04 -1.181994653106078564e-03 -1.411373868982040026e-03 -1.598783656632588252e-03 -1.751897971394342224e-03 -1.957392290360515218e-03 -2.406742942973980059e-03 -3.382553522252640388e-03 -5.179433171463492490e-03 -7.950076026686533556e-03 -1.149954386325755494e-02 -1.511554546634090619e-02 -1.761394356293701988e-02 -1.790696169127900875e-02 -1.662448275451938046e-02 -1.951108038716588625e-02 -4.443724398954081167e-02 -1.318498725547845030e-01 -3.783217201819780162e-01 -9.192830317980044130e-01 -2.360837332668667354e+00 -4.037817045003878391e+00 -1.541987673754340804e+01 4.147044839821033335e+00 -2.071480878010585513e+02 7.303886044799448882e+02 -5.416563462965961662e+03 2.358040579910483575e+04 -5.475451328997040946e+03 7.389068505573674202e+02 -2.146788073958569214e+02 2.964167096246297817e+00 -1.682919421178380048e+01 -4.670116415156511991e+00 -2.729362551894287670e+00 -1.095688267799430182e+00 -4.589218202577293737e-01 -1.638985754941753581e-01 -5.636617117850526576e-02 -2.551947769020969023e-02 -2.125993346162667955e-02 -3.062633493538322732e-02
-3.987988009213403805e-06 -1.535045149186218736e-05 -2.642029247932456401e-05 -3.906949899683109372e-05 -5.245695399666519424e-05 -6.587316697374613367e-05 -7.878070542617873523e-05 -9.149570878244985027e-05 -1.054680372668038741e-04 -1.230560200177155351e-04 -1.466365318554264095e-04 -1.776538316173931144e-04 -2.145613088376632283e-04 -2.569184114714161528e-04 -2.942831480853385891e-04 -3.233241409876874499e-04 -3.579227834100401199e-04 -3.995901548264215548e-04 -4.661997542900031110e-04 -5.750745139457960403e-04 -7.381254333146323966e-04 -9.519733214609305211e-04 -1.193248432378115351e-03 -1.424025148771329444e-03 -1.612040831980562049e-03 -1.765210648099864053e-03 -1.971092641184904026e-03 -2.422614288764687093e-03 -3.403988761932175491e-03 -5.210857555332648085e-03 -7.995491055950744441e-03 -1.156039313125911509e-02 -1.518863432777699078e-02 -1.769074861695211706e-02 -1.797624196107105998e-02 -1.668062500554330987e-02 -1.957068815403709139e-02 -4.456721108796023179e-02 -1.322071211193693863e-01 -3.792209953011295154e-01 -9.212326825003986919e-01 -2.364875322034916572e+00 -4.044624981394784768e+00 -1.543504572748505765e+01 4.135017338549300980e+00 -2.072283647956610650e+02 7.304819931785702920e+02 -5.417179162404245290e+03 2.358041977533922909e+04 -5.474852871706981205e+03 7.388243541314133154e+02 -2.146036541137306983e+02 2.976497527678081845e+00 -1.681524463660914748e+01 -4.663858752194413704e+00 -2.725774676959888065e+00 -1.093988077406844006e+00 -4.581710042866215526e-01 -1.635906272691910468e-01 -5.653376428535650949e-02 -2.452695710094506334e-02 -2.840503659434371123e-02
-3.534689370238935282e-06 -1.358244727320468597e-05 -2.335106382604254879e-05 -3.464024632587304299e-05 -4.691219109119617149e-05 -5.963959198695006371e-05 -7.215241088082354241e-05 -8.418111110529560371e-05 -9.629521211691845683e-05 -1.100496655505718514e-04 -1.279350336052739463e-04 -1.515697692947854790e-04 -1.846001203659279871e-04 -2.199942327882287380e-04 -2.537281330554951638e-04 -2.927338174209655956e-04 -3.270505219543400543e-04 -3.609757439597394949e-04 -4.034557981577609588e-04 -4.706844282175618008e-04 -5.807108079190295442e-04 -7.453684569938547012e-04 -9.611183303937717581e-04 -1.204207288326974816e-03 -1.436287368250588076e-03 -1.624865371261834286e-03 -1.778079838601291825e-03 -1.984325887339186394e-03 -2.437912560129135760e-03 -3.424589807006523257e-03 -5.240989406442550340e-03 -8.038984821636393358e-03 -1.161864431845772636e-02 -1.525861027187585227e-02 -1.776431938662988846e-02 -1.804266650136650621e-02 -1.673452674466223422e-02 -1.962793363861019269e-02 -4.469180786859017207e-02 -1.325493330643374157e-01 -3.800823653109481337e-01 -9.231005762212391996e-01 -2.368744797254206613e+00 -4.051151545452403191e+00 -1.544958795274741092e+01 4.123471759128679359e+00 -2.073053429841495756e+02 7.305714936781113238e+02 -5.417769814677918475e+03 2.358043291295495510e+04 -5.474278427358544832e+03 7.387450914510638995e+02 -2.145314920411506421e+02 2.988327155998535822e+00 -1.680184926435888570e+01 -4.657851407849300074e+00 -2.722330768928594935e+00 -1.092369667724134574e+00 -4.574274745110731843e-01 -1.635586914782214685e-01 -5.555481345769191365e-02 -3.114862583512303246e-02
-3.295592146840282029e-06 -1.250566976812191937e-05 -2.108976998808131183e-05 -3.079535267617811644e-05 -4.145346714467872481e-05 -5.298915189691150228e-05 -6.499008119635354107e-05 -7.698308369005887539e-05 -8.874760938035433275e-05 -1.009642394476135290e-04 -1.145034254024445103e-04 -1.340257955680691782e-04 -1.560372160562714086e-04 -1.808169582054360426e-04 -2.179224407946384794e-04 -2.569665004584889599e-04 -2.955478439065052317e-04 -3.306157268132529524e-04 -3.647214945745365236e-04 -4.075127100909549599e-04 -4.753045281588456667e-04 -5.863470450658850265e-04 -7.524933861739228295e-04 -9.700231089489389337e-04 -1.214820341936695891e-03 -1.448131437215907430e-03 -1.637240848060397391e-03 -1.790496777898493812e-03 -1.997090059544381988e-03 -2.452647229260518195e-03 -3.444387378530150076e-03 -5.269893141265122316e-03 -8.080665623676980616e-03 -1.167445121275385682e-02 -1.532566019105820708e-02 -1.783484877049653847e-02 -1.810640123991423892e-02 -1.678631222775566964e-02 -1.968294774743721900e-02 -4.481135553446204817e-02 -1.328774359556312012e-01 -3.809081790280209878e-01 -9.248917562000475989e-01 -2.372456103963848761e+00 -4.057413840787866377e+00 -1.546354149994325766e+01 4.112379731000781469e+00 -2.073792216714980441e+02 7.306573438396710571e+02 -5.418336917782262390e+03 2.358044527772458241e+04 -5.473726579086488528e+03 7.386688759591297639e+02 -2.144621463227844913e+02 2.999685262818848397e+00 -1.678897739919395349e+01 -4.652081150285442668e+00 -2.719037430203895767e+00 -1.090793058985843889e+00 -4.570019618092307501e-01 -1.623237635173799542e-01 -6.277043342474900034e-02
-3.166100998259843108e-06 -1.182827124625257505e-05 -1.943126711712802546e-05 -2.763538104006887434e-05 -3.654637218032334966e-05 -4.654337518107246649e-05 -5.764971641475209675e-05 -6.948166149548963143e-05 -8.161505241947701345e-05 -9.313345261626321248e-05 -1.067468856583522502e-04 -1.185075557462141803e-04 -1.299128506849264579e-04 -1.533480245402520830e-04 -1.831622566416411042e-04 -2.200187653122146630e-04 -2.600417318503723770e-04 -2.990072311333493360e-04 -3.343510597760229828e-04 -3.686089791797308741e-04 -4.116248537863317555e-04 -4.799171255164535739e-04 -5.918978527390447155e-04 -7.594411762015933773e-04 -9.786521709648522954e-04 -1.225069202997396091e-03 -1.459550894525996458e-03 -1.649167786830472732e-03 -1.802465774030524845e-03 -2.009393411894917856e-03 -2.466835296171058286e-03 -3.463416565182610759e-03 -5.297633631911353481e-03 -8.120637761861570353e-03 -1.172795936490499472e-02 -1.538995990035663293e-02 -1.790251830113871040e-02 -1.816760333072931638e-02 -1.683610069886263411e-02 -1.973585599136928534e-02 -4.492615437420947877e-02 -1.331922873854537726e-01 -3.817006013454247171e-01 -9.266108681195499575e-01 -2.376018770669094060e+00 -4.063427630239010213e+00 -1.547694145263984211e+01 4.101715039278764685e+00 -2.074501844452611010e+02 7.307397624862445582e+02 -5.418881852625407191e+03 2.358045692899954156e+04 -5.473196019618661012e+03 7.385955344272035745e+02 -2.143954571611276378e+02 3.010594311424146685e+00 -1.677660639274215981e+01 -4.646571538465948059e+00 -2.715846169487075912e+00 -1.089859286312999886e+00 -4.543983846327819265e-01 -1.768108958065648384e-01
-3.039496977905542825e-06 -1.123061053354157389e-05 -1.807980543420428413e-05 -2.510669813716914149e-05 -3.251391421151599096e-05 -4.094973509882384323e-05 -5.077194035140548609e-05 -6.206192220195955948e-05 -7.374419530036391138e-05 -8.724811613474566191e-05 -9.705764630532391841e-05 -1.028223465382871059e-04 -1.156758272350817923e-04 -1.316122946683410239e-04 -1.546401931154744276e-04 -1.853698757889256539e-04 -2.227428441670820786e-04 -2.632780858876863223e-04 -3.025912221808819318e-04 -3.381315569018765888e-04 -3.725036501442400877e-04 -4.157088276493924191e-04 -4.844598331266156198e-04 -5.973204463646208636e-04 -7.661849552000471464e-04 -9.869925774731995883e-04 -1.234952203516403047e-03 -1.470551958311052754e-03 -1.660656733770834829e-03 -1.813999348287612026e-03 -2.021250976620725306e-03 -2.480499003111807845e-03 -3.481715686053294713e-03 -5.324276345563934421e-03 -8.159003075530786228e-03 -1.177930899546237101e-02 -1.545167811326983096e-02 -1.796750264080160947e-02 -1.822642558704144419e-02 -1.688401062164721425e-02 -1.978678353584858648e-02 -4.503649268236336461e-02 -1.334946936144918439e-01 -3.824616510593706331e-01 -9.282622292917208640e-01 -2.379441629594865493e+00 -4.069207513669359955e+00 -1.548982022963918581e+01 4.091453386852360374e+00 -2.075184007238528068e+02 7.308189512102862864e+02 -5.419405894480438292e+03 2.358046791971319908e+04 -5.472685542948217517e+03 7.385249011790003806e+02 -2.143312906553154846e+02 3.021055801954986020e+00 -1.676481752657190682e+01 -4.641221859619830248e+00 -2.714416625504400216e+00 -1.083001686157243793e+00 -4.953223411848198809e-01
-2.848918767640260714e-06 -1.049492043335023287e-05 -1.678068354469618541e-05 -2.304412102953293798e-05 -2.942460805454519623e-05 -3.654187699829064719e-05 -4.506551675941598915e-05 -5.474280049468837001e-05 -6.737749768949461251e-05 -7.753857933488484929e-05 -8.366780606592704274e-05 -9.444473193573967073e-05 -1.043573363283197041e-04 -1.166096842448212384e-04 -1.331882744540849870e-04 -1.565511610006634839e-04 -1.877543120709016097e-04 -2.256016750720302828e-04 -2.665608691980893676e-04 -3.061759946653235778e-04 -3.418815203754515934e-04 -3.763477171133748872e-04 -4.197222889253413112e-04 -4.889020074527627340e-04 -6.025950725632442991e-04 -7.727155721736768098e-04 -9.950452271048973452e-04 -1.244478752759394131e-03 -1.481149975314261609e-03 -1.671726071502911996e-03 -1.825117082056365190e-03 -2.032684425113730122e-03 -2.493666965520443830e-03 -3.499329094956085771e-03 -5.349892169887187840e-03 -8.195867846212004024e-03 -1.182864357778100513e-02 -1.551098591026153946e-02 -1.802997913434815566e-02 -1.828302608197300561e-02 -1.693017107214789263e-02 -1.983587285180293119e-02 -4.514267823925417061e-02 -1.337854647850363343e-01 -3.831932902025951271e-01 -9.298499589876876303e-01 -2.382732993913942998e+00 -4.074767138478845752e+00 -1.550220790680257998e+01 4.081572169857745180e+00 -2.075840272498890329e+02 7.308950953987997536e+02 -5.419910224918538916e+03 2.358047829154906867e+04 -5.472194047019993377e+03 7.384567848370201091e+02 -2.142695739391344318e+02 3.030791431399729952e+00 -1.675333116177704795e+01 -4.640672431148594512e+00 -2.696334167352519628e+00 -1.198119892630875150e+00
-2.583231936088464028e-06 -9.563135007809724119e-06 -1.540269889310051321e-05 -2.125746475414031696e-05 -2.707593212724927544e-05 -3.341021635690419447e-05 -4.027974667729236841e-05 -4.999632368559815481e-05 -5.825652059520437527e-05 -6.399884890438062096e-05 -7.510319830175513241e-05 -8.517734383915671935e-05 -9.535594265025154159e-05 -1.057549505471571169e-04 -1.181291179092294790e-04 -1.349463966689163198e-04 -1.586148567197809831e-04 -1.902088840211295525e-04 -2.284799196128925014e-04 -2.698214160125565471e-04 -3.097104412408634416e-04 -3.455641220247490566e-04 -3.801137929899722550e-04 -4.236455318998229606e-04 -4.932312038182164356e-04 -6.077170395432154046e-04 -7.790366575252058185e-04 -1.002821974343744670e-03 -1.253667715760143405e-03 -1.491368633487778371e-03 -1.682402005970377130e-03 -1.835846714046073056e-03 -2.043724912878564642e-03 -2.506379453552615155e-03 -3.516315269900032771e-03 -5.374568009832644822e-03 -8.231354808836844478e-03 -1.187612172869492375e-02 -1.556806748028133347e-02 -1.809013834737455487e-02 -1.833758293546033230e-02 -1.697474956461266990e-02 -1.988333684545461055e-02 -4.524512907335535156e-02 -1.340655496902112831e-01 -3.838975962305605227e-01 -9.313781634258874176e-01 -2.385900823755938482e+00 -4.080119320011122319e+00 -1.551413243460864066e+01 4.072050063499334627e+00 -2.076472106585407857e+02 7.309683613665804387e+02 -5.420395952423800736e+03 2.358048805080033708e+04 -5.471720593694072704e+03 7.383909039128016047e+02 -2.142108830750077288e+02 3.040533155027356216e+00 -1.675339709091794305e+01 -4.599121293097526930e+00 -2.975384499859794918e+00
-2.276827733527356435e-06 -8.515628502411824553e-06 -1.395793102679481708e-05 -1.957322269014181957e-05 -2.526738003909474129e-05 -3.077341171976451483e-05 -3.810571747117986113e-05 -4.357245105590045701e-05 -4.677591582449585510e-05 -5.586804250591483853e-05 -6.534368684394136937e-05 -7.595043984607697618e-05 -8.652813294260083886e-05 -9.680044373093999387e-05 -1.073159699391540846e-04 -1.197988895053331130e-04 -1.367904608603914851e-04 -1.607255338921988056e-04 -1.926722444601230576e-04 -2.313337441375488241e-04 -2.730306293312755213e-04 -3.131752985511709907e-04 -3.491674757005219418e-04 -3.837960534970012586e-04 -4.274786930847731831e-04 -4.974542558300135706e-04 -6.127009001769695169e-04 -7.851711242279160209e-04 -1.010353843549926817e-03 -1.262557038919782200e-03 -1.501251273180266924e-03 -1.692732604245972879e-03 -1.846242661672351133e-03 -2.054438135260115619e-03 -2.518721570799288285e-03 -3.532788396872591028e-03 -5.398455299008712675e-03 -8.265655886809643305e-03 -1.192197219379550338e-02 -1.562317953603477132e-02 -1.814825828987902401e-02 -1.839040488915047802e-02 -1.701813102276508380e-02 -1.992974176420373236e-02 -4.534478483755854938e-02 -1.343365688528041502e-01 -3.845773617420746304e-01 -9.328515029178933160e-01 -2.388953182733434488e+00 -4.085276496801190760e+00 -1.552562085701833183e+01 4.062863098240351967e+00 -2.077080998705121999e+02 7.310388669315696006e+02 -5.420864186056465769e+03 2.358049698781375264e+04 -5.471264588032987376e+03 7.383253602794866310e+02 -2.141533944392973012e+02 3.022257107535400777e+00 -1.665184755370345471e+01 -5.294556485041129079e+00
-1.982657688472772205e-06 -7.504672017223001690e-06 -1.252856375623361171e-05 -1.801530141105341670e-05 -2.329289520969362605e-05 -2.986912434599777404e-05 -3.401995280398308546e-05 -3.520117233366184411e-05 -4.129534175806954063e-05 -4.790586549575337033e-05 -5.652489540262177459e-05 -6.651745695014312952e-05 -7.727989289944154890e-05 -8.801426399404574136e-05 -9.837299480608082715e-05 -1.089532901110842428e-04 -1.215202955546816285e-04 -1.386619940817419643e-04 -1.628400727833046987e-04 -1.951147268671328105e-04 -2.341428469715983610e-04 -2.761754602342016379e-04 -3.165632765421385925e-04 -3.526892900071253536e-04 -3.873970345382474700e-04 -4.312293570408055996e-04 -5.015841054186819361e-04 -6.175650571541241394e-04 -7.911426184753987114e-04 -1.017669387947917840e-03 -1.271180256446185044e-03 -1.510837576285102004e-03 -1.702766444732143128e-03 -1.856366633140817471e-03 -2.064903745740639691e-03 -2.530794775418808863e-03 -3.548873172971967176e-03 -5.421700730616540141e-03 -8.298937990453251687e-03 -1.196638497870090162e-02 -1.567655024288698573e-02 -1.820464009387425669e-02 -1.844192444963563618e-02 -1.706095791471894801e-02 -1.997602797778835759e-02 -4.544297161168681792e-02 -1.346003330620224592e-01 -3.852350966690904488e-01 -9.342736880321993453e-01 -2.391896712637271882e+00 -4.090250564834281732e+00 -1.553670364190048225e+01 4.053970676638394721e+00 -2.077668830367798023e+02 7.311066184026121846e+02 -5.421316239086716450e+03 2.358050466963028157e+04 -5.470827966292191377e+03 7.382642586046396218e+02 -2.141471513857753450e+02 3.193017423469236782e+00 -1.788761761299235431e+01
-1.748497194056290056e-06 -6.651275491744909031e-06 -1.132167312349247382e-05 -1.622991649956677352e-05 -2.249652763878292206e-05 -2.656284860357760981e-05 -2.743838876751344868e-05 -3.203351459974275147e-05 -3.625842241510833519e-05 -4.182893661714689798e-05 -4.887277376661882766e-05 -5.763917400118339740e-05 -6.782697622121481142e-05 -7.873987309914135847e-05 -8.958514937907459755e-05 -1.000143411807018359e-04 -1.106492114656108545e-04 -1.232945827920063609e-04 -1.405800934413271982e-04 -1.649919140984662655e-04 -1.975823161972159730e-04 -2.369647760983682597e-04 -2.793255113543478352e-04 -3.199582824097925069e-04 -3.562315877287097602e-04 -3.910413101528583779e-04 -4.350482471080369942e-04 -5.057990382314828939e-04 -6.225142655522018743e-04 -7.971802666543760778e-04 -1.025022477451915459e-03 -1.279823379174754774e-03 -1.520463773019500951e-03 -1.712918932391650556e-03 -1.866747859659991177e-03 -2.075794730777050581e-03 -2.543428884996330047e-03 -3.565545793492020613e-03 -5.445400752826116964e-03 -8.332406138695638842e-03 -1.201072923058686681e-02 -1.572989937349093814e-02 -1.826171878100920493e-02 -1.849582440205799899e-02 -1.710875303334380426e-02 -2.002998534295509156e-02 -4.554971525484002165e-02 -1.348684210276848150e-01 -3.858828990246724877e-01 -9.356573743462758275e-01 -2.394749967527702861e+00 -4.095083771879127532e+00 -1.554750012329854414e+01 4.045080685588265723e+00 -2.078243272522290113e+02 7.311700712861230613e+02 -5.421755651412599036e+03 2.358049967606202699e+04 -5.470402492977095790e+03 7.380388534302986727e+02 -2.135470797954436080e+02 -1.009556079947472540e+00
-1.581417324393523635e-06 -6.082936210050546356e-06 -1.009558318277326626e-05 -1.560758155872155400e-05 -1.943390080112790898e-05 -2.053009000051050453e-05 -2.490930682662386992e-05 -2.850911291204277407e-05 -3.255401996633328814e-05 -3.709716494208153921e-05 -4.272830460998122221e-05 -4.990747992249450134e-05 -5.881255126422588273e-05 -6.914404700222901389e-05 -8.018067760523493769e-05 -9.111440756310943670e-05 -1.015965933741489911e-04 -1.122698662480764626e-04 -1.249762118883090403e-04 -1.423850659106544838e-04 -1.670066495919178605e-04 -1.998863119977814008e-04 -2.395959547686932504e-04 -2.822585306447610628e-04 -3.231108928082379724e-04 -3.595048862887744324e-04 -3.943846758661350956e-04 -4.385243903289481231e-04 -5.096162424631651673e-04 -6.269974385389461653e-04 -8.026733598262785320e-04 -1.031746913244936757e-03 -1.287750731757252064e-03 -1.529280386809021711e-03 -1.722148788113214831e-03 -1.876053629308137858e-03 -2.085394443836052075e-03 -2.554475465728030855e-03 -3.580250203356559989e-03 -5.466678663833295614e-03 -8.362941696600241503e-03 -1.205157336783151817e-02 -1.577907421850041278e-02 -1.831371161868972086e-02 -1.854325789269081065e-02 -1.714789281737806245e-02 -2.007183484709324645e-02 -4.563896504049866354e-02 -1.351105521455231995e-01 -3.864904942671454346e-01 -9.369760948180545501e-01 -2.397485985563892807e+00 -4.099715449028265013e+00 -1.555782535461356808e+01 4.036772936119979782e+00 -2.078790952798640035e+02 7.312331306211970059e+02 -5.422177051058622965e+03 2.358050760464195628e+04 -5.470000914358308364e+03 7.380123501415276905e+02 -2.137309268384080099e+02
-1.527439849805398743e-06 -5.557638645686450167e-06 -1.006903836790306377e-05 -1.329963877416824017e-05 -1.417463220817994340e-05 -1.820838585665969929e-05 -2.176850056883387639e-05 -2.568077150138221398e-05 -2.958992833736563617e-05 -3.368738594254815441e-05 -3.833685005789577808e-05 -4.408095939690719257e-05 -5.140568980379551150e-05 -6.048530084133360991e-05 -7.101077749941840309e-05 -8.224508417866438774e-05 -9.336669919904710372e-05 -1.040231923236238540e-04 -1.148679533080334484e-04 -1.277677305565433862e-04 -1.454241602978710145e-04 -1.703762325806957201e-04 -2.036832379230685025e-04 -2.439090896553943811e-04 -2.871481063812530727e-04 -3.285991067155530636e-04 -3.655858264075899605e-04 -4.010559908548698210e-04 -4.458350155612054305e-04 -5.177164508739240129e-04 -6.361718614418279639e-04 -8.133383950874994300e-04 -1.044401927460231585e-03 -1.302888535271045246e-03 -1.547285054359827643e-03 -1.743230266778108412e-03 -1.900285244459867752e-03 -2.112915411153508741e-03 -2.585889690625829598e-03 -3.617188361863586752e-03 -5.512386134266092363e-03 -8.422647778215053282e-03 -1.213230583299741185e-02 -1.588861013482973164e-02 -1.845861676690774278e-02 -1.872658975290458425e-02 -1.736845984894113196e-02 -2.032899150194228399e-02 -4.595087290945066433e-02 -1.355578384934025549e-01 -3.873158280417270949e-01 -9.387409014063803347e-01 -2.401539851106851753e+00 -4.108228894194010827e+00 -1.557772320770917851e+01 4.003474410548063744e+00 -2.079770630669739546e+02 7.311347865449009760e+02 -5.422581852146314304e+03 2.357852695497467721e+04 -5.463071595363232518e+03 6.876207654316445996e+02
-1.328975934987141991e-06 -5.749183654152916705e-06 -8.373560761910053927e-06 -8.832700723846537773e-06 -1.192524451358536730e-05 -1.480438352873324132e-05 -1.828564673252424945e-05 -2.197817730737536759e-05 -2.576488256987365539e-05 -2.956334858423567631e-05 -3.352565349811934225e-05 -3.805040401763556653e-05 -4.368775147716448916e-05 -5.091676114443954805e-05 -5.988503190396780320e-05 -7.024700521442504939e-05 -8.123550661019969066e-05 -9.202256276227247260e-05 -1.022816257343806028e-04 -1.127168686199921598e-04 -1.252461349832274763e-04 -1.425886546839190536e-04 -1.672402080719727964e-04 -2.001528473849145879e-04 -2.397506351604630976e-04 -2.820168035756592524e-04 -3.221357844830916375e-04 -3.575515598767742341e-04 -3.914392911437601869e-04 -4.348515593890898870e-04 -5.056450045187027825e-04 -6.230358896572800020e-04 -7.985355548478392882e-04 -1.026466059400977593e-03 -1.279588388953247120e-03 -1.516179287824696896e-03 -1.702591369096126753e-03 -1.850019206867251249e-03 -2.054845799932643585e-03 -2.522689198779382112e-03 -3.549509797783016903e-03 -5.434439413146928237e-03 -8.317564635776108356e-03 -1.196985888547926792e-02 -1.562862788360135785e-02 -1.806307766980337626e-02 -1.818068367463428550e-02 -1.670481421621667489e-02 -1.963821485169105555e-02 -4.534303115541728907e-02 -1.350110938293394292e-01 -3.862956811656922396e-01 -9.354185781765669283e-01 -2.391069609641848892e+00 -4.080549991556392975e+00 -1.550589687287584439e+01 4.141119516469548678e+00 -2.075150778184730598e+02 7.311885224690372524e+02 -5.416577306692220191e+03 2.355751517962801154e+04 -5.300717001013253139e+03
-1.921497882134683626e-06 -5.577716111791701871e-06 -6.568328001591009300e-06 -9.499822698136117395e-06 -1.219620757944283123e-05 -1.554250370073846887e-05 -1.943398274237565832e-05 -2.388028601187392206e-05 -2.869891720635003017e-05 -3.367197909382544795e-05 -3.867840932891148927e-05 -4.384879784874549659e-05 -4.962964620212993451e-05 -5.669355999092023983e-05 -6.568867377226077458e-05 -7.691314912434351638e-05 -9.007581449358320917e-05 -1.043166999884331928e-04 -1.185833694796089086e-04 -1.322938418338858195e-04 -1.460300288582810360e-04 -1.618831168996539194e-04 -1.831110384906043829e-04 -2.130135634017284163e-04 -2.533272483626805962e-04 -3.028525911555017677e-04 -3.572246163232460810e-04 -4.105270408120779957e-04 -4.587698058024178315e-04 -5.042165910537415793e-04 -5.585659278679630350e-04 -6.426061451936949508e-04 -7.806287174000595044e-04 -9.899622579006305857e-04 -1.268946222511375174e-03 -1.589702449857697446e-03 -1.903576835108831185e-03 -2.165151709817441945e-03 -2.374911090259425317e-03 -2.629869505575904882e-03 -3.159645306473800319e-03 -4.315907213895286802e-03 -6.482216887114737418e-03 -9.889763226005167038e-03 -1.436296031349403035e-02 -1.909433711761657562e-02 -2.265740336225870871e-02 -2.361821302978802870e-02 -2.236221885813999624e-02 -2.499769246155762736e-02 -5.137150749952389128e-02 -1.474530302063027376e-01 -4.219273172818054918e-01 -1.036982221986411101e+00 -2.640196140018648663e+00 -4.712600377417188291e+00 -1.663587822130536864e+01 1.789077373630869050e-01 -2.075238460211568565e+02 6.819287305338270926e+02 -5.254926709075338294e+03 2.230892454125691074e+04
