1.015000000000000000e+02 2.100467892958854999e-07
3.015000000000000000e+02 4.896426620983449893e-08
5.015000000000000000e+02 2.794367574257328161e-08
7.015000000000000000e+02 7.591999959389305863e-09
9.015000000000000000e+02 1.471514873857222688e-08
1.101500000000000000e+03 6.297238112213887407e-09
1.301500000000000000e+03 4.316265829938305830e-09
1.501500000000000000e+03 6.057535065262937545e-09
1.701500000000000000e+03 3.621693180558790936e-09
1.901500000000000000e+03 2.759705102574467582e-09
2.101500000000000000e+03 2.605101248253470604e-09
2.301500000000000000e+03 1.773130653127724432e-09
2.501500000000000000e+03 1.702808488294516253e-09
2.701500000000000000e+03 1.783700856381709608e-09
2.901500000000000000e+03 9.881692989645951712e-10
3.101500000000000000e+03 9.066293507115460369e-10
3.301500000000000000e+03 1.396883458972016688e-09
3.501500000000000000e+03 1.154450420709385429e-09
3.701500000000000000e+03 7.171576483825957657e-10
3.901500000000000000e+03 1.037060815937785151e-09
4.101500000000000000e+03 6.492232958627040428e-10
4.301500000000000000e+03 7.798072048591492124e-10
4.501500000000000000e+03 6.478740738392127042e-10
4.701500000000000000e+03 6.112573706256488983e-10
4.901500000000000000e+03 5.459253537174297668e-10
5.101500000000000000e+03 4.640110896010453925e-10
5.301500000000000000e+03 4.606142677517348008e-10
5.501500000000000000e+03 4.729120332066124004e-10
5.701500000000000000e+03 5.597551433049213487e-10
5.901500000000000000e+03 2.737591591437948861e-10
6.101500000000000000e+03 4.759610490479662989e-10
