1.015000000000000000e+02 3.189438008684751871e-03
3.015000000000000000e+02 5.515915510931232143e-04
5.015000000000000000e+02 5.695741682055908139e-01
7.015000000000000000e+02 3.342645653611890366e-01
9.015000000000000000e+02 9.217066804191418328e-01
1.101500000000000000e+03 7.086140052935743228e-01
1.301500000000000000e+03 1.358271318226336399e+00
1.501500000000000000e+03 4.021722309587029143e-01
1.701500000000000000e+03 9.237242776658801668e-01
1.901500000000000000e+03 9.240635396530011425e-01
2.101500000000000000e+03 8.424221571605299275e-01
2.301500000000000000e+03 1.125832290880595554e+00
2.501500000000000000e+03 1.022800745734984140e+00
2.701500000000000000e+03 1.159780102907074228e+00
2.901500000000000000e+03 1.082327291666987712e+00
3.101500000000000000e+03 1.289193626358031031e+00
3.301500000000000000e+03 1.016754177284610483e+00
3.501500000000000000e+03 1.559444357249003321e+00
3.701500000000000000e+03 1.022828546645868864e+00
3.901500000000000000e+03 1.209975298804453203e+00
4.101500000000000000e+03 1.131132201474202237e+00
4.301500000000000000e+03 1.348065227234214181e+00
4.501500000000000000e+03 1.060033425232626225e+00
4.701500000000000000e+03 1.217765557761089967e+00
4.901500000000000000e+03 1.410497473242672495e+00
5.101500000000000000e+03 1.335149482933139620e+00
5.301500000000000000e+03 8.615062330433689297e-01
5.501500000000000000e+03 1.222919943230441397e+00
5.701500000000000000e+03 9.857489630975345696e-01
5.901500000000000000e+03 1.071818268368346372e+00
6.101500000000000000e+03 1.175314184060815670e+00
6.301500000000000000e+03 1.027957640189709920e+00
6.501500000000000000e+03 1.082872580332907564e+00
6.701500000000000000e+03 1.170968319744598585e+00
6.901500000000000000e+03 1.019038085729821130e+00
7.101500000000000000e+03 1.074322203252009889e+00
7.301500000000000000e+03 9.703832076362738368e-01
7.501500000000000000e+03 1.174922284457039279e+00
7.701500000000000000e+03 1.148742600170350237e+00
7.901500000000000000e+03 1.266026278809237793e+00
8.101500000000000000e+03 1.128245929414528836e+00
8.301500000000000000e+03 1.291509373607890199e+00
8.501500000000000000e+03 9.599242424213657587e-01
8.701500000000000000e+03 1.081827617158988453e+00
8.901500000000000000e+03 1.193660585149806774e+00
9.101500000000000000e+03 1.058259567036559545e+00
9.301500000000000000e+03 1.176720252098717667e+00
9.501500000000000000e+03 1.277375015651302625e+00
9.701500000000000000e+03 1.004420857677200907e+00
9.901500000000000000e+03 1.222644369186022040e+00
1.010150000000000000e+04 1.119083115658102923e+00
1.030150000000000000e+04 1.253728255480819787e+00
1.050150000000000000e+04 1.108863837634832761e+00
1.070150000000000000e+04 1.158834661213823169e+00
1.090150000000000000e+04 1.089969125120777260e+00
1.110150000000000000e+04 1.102951111069957690e+00
1.130150000000000000e+04 1.093404459559239816e+00
1.150150000000000000e+04 1.235118273495871000e+00
1.170150000000000000e+04 1.298681447068463335e+00
1.190150000000000000e+04 1.314685878694430432e+00
1.210150000000000000e+04 1.134481707697871489e+00
1.230150000000000000e+04 1.457063705590689429e+00
