1.015000000000000000e+02 4.076800730786163020e-06
3.015000000000000000e+02 1.419095061562510424e-06
5.015000000000000000e+02 1.422076563249525860e-05
7.015000000000000000e+02 3.919088148396376779e-06
9.015000000000000000e+02 7.442592371576807487e-06
1.101500000000000000e+03 3.471317417221578828e-06
1.301500000000000000e+03 5.099059137998858858e-06
1.501500000000000000e+03 1.035316510590914776e-06
1.701500000000000000e+03 2.034005177149433938e-06
1.901500000000000000e+03 1.587413151042648526e-06
2.101500000000000000e+03 1.207953815351239558e-06
2.301500000000000000e+03 1.322044153704275472e-06
2.501500000000000000e+03 1.031542089786721123e-06
2.701500000000000000e+03 9.985948146847436478e-07
2.901500000000000000e+03 8.083302085663755147e-07
3.101500000000000000e+03 8.420682582124385131e-07
3.301500000000000000e+03 5.846691922004643636e-07
3.501500000000000000e+03 8.005295492837036677e-07
3.701500000000000000e+03 4.638185761327938049e-07
3.901500000000000000e+03 5.023953548545769736e-07
4.101500000000000000e+03 4.215746382946109483e-07
4.301500000000000000e+03 4.581376974431882930e-07
4.501500000000000000e+03 3.249415165486373650e-07
4.701500000000000000e+03 3.498408638328778836e-07
4.901500000000000000e+03 3.665816518958902290e-07
5.101500000000000000e+03 3.229028709213222312e-07
5.301500000000000000e+03 1.921084823802792701e-07
5.501500000000000000e+03 2.534705352318929389e-07
5.701500000000000000e+03 1.903659807800395024e-07
5.901500000000000000e+03 1.935371819999934814e-07
6.101500000000000000e+03 1.986904342253315167e-07
6.301500000000000000e+03 1.620327631724468749e-07
6.501500000000000000e+03 1.610137140364387584e-07
6.701500000000000000e+03 1.639149184492723792e-07
6.901500000000000000e+03 1.343026251757451731e-07
7.101500000000000000e+03 1.339741994910074630e-07
7.301500000000000000e+03 1.143210650398485518e-07
7.501500000000000000e+03 1.310816169554011700e-07
7.701500000000000000e+03 1.216793300808727667e-07
7.901500000000000000e+03 1.273443904154503283e-07
8.101500000000000000e+03 1.080800792650165792e-07
8.301500000000000000e+03 1.176701701291073050e-07
8.501500000000000000e+03 8.330512600470412747e-08
8.701500000000000000e+03 8.976351273446775997e-08
8.901500000000000000e+03 9.469265841678109574e-08
9.101500000000000000e+03 8.022529743434546967e-08
9.301500000000000000e+03 8.539205260802341519e-08
9.501500000000000000e+03 8.894297627975064026e-08
9.701500000000000000e+03 6.697791402511521344e-08
9.901500000000000000e+03 7.842167634492930107e-08
1.010150000000000000e+04 6.891319231845783706e-08
1.030150000000000000e+04 7.417142252211681798e-08
1.050150000000000000e+04 6.321669730632225459e-08
1.070150000000000000e+04 6.347885881484927852e-08
1.090150000000000000e+04 5.766695391456248790e-08
1.110150000000000000e+04 5.617913947406966735e-08
1.130150000000000000e+04 5.384575504203084277e-08
1.150150000000000000e+04 5.865207323307516574e-08
1.170150000000000000e+04 5.959014255021444278e-08
1.190150000000000000e+04 5.826040217229238041e-08
1.210150000000000000e+04 4.876123845230712229e-08
1.230150000000000000e+04 6.031344316072989935e-08
